4.200000000000000000e+01
4.300000000000000000e+01
4.400000000000000000e+01
4.500000000000000000e+01
4.600000000000000000e+01
4.800000000000000000e+01
4.900000000000000000e+01
5.000000000000000000e+01
5.200000000000000000e+01
5.300000000000000000e+01
5.400000000000000000e+01
5.600000000000000000e+01
5.700000000000000000e+01
5.900000000000000000e+01
6.000000000000000000e+01
6.200000000000000000e+01
6.300000000000000000e+01
6.500000000000000000e+01
6.700000000000000000e+01
6.800000000000000000e+01
7.000000000000000000e+01
7.200000000000000000e+01
7.400000000000000000e+01
7.600000000000000000e+01
7.700000000000000000e+01
7.900000000000000000e+01
8.100000000000000000e+01
8.400000000000000000e+01
8.600000000000000000e+01
8.800000000000000000e+01
9.000000000000000000e+01
9.200000000000000000e+01
9.500000000000000000e+01
9.700000000000000000e+01
1.000000000000000000e+02
1.020000000000000000e+02
1.050000000000000000e+02
1.070000000000000000e+02
1.100000000000000000e+02
1.130000000000000000e+02
1.160000000000000000e+02
1.190000000000000000e+02
1.210000000000000000e+02
1.240000000000000000e+02
1.270000000000000000e+02
1.310000000000000000e+02
1.340000000000000000e+02
1.370000000000000000e+02
1.410000000000000000e+02
1.440000000000000000e+02
1.480000000000000000e+02
1.510000000000000000e+02
1.550000000000000000e+02
1.590000000000000000e+02
1.630000000000000000e+02
1.670000000000000000e+02
1.710000000000000000e+02
1.760000000000000000e+02
1.800000000000000000e+02
1.840000000000000000e+02
1.890000000000000000e+02
1.940000000000000000e+02
1.980000000000000000e+02
2.030000000000000000e+02
2.080000000000000000e+02
2.130000000000000000e+02
2.190000000000000000e+02
2.240000000000000000e+02
2.300000000000000000e+02
2.350000000000000000e+02
2.410000000000000000e+02
2.470000000000000000e+02
2.530000000000000000e+02
2.590000000000000000e+02
2.660000000000000000e+02
2.720000000000000000e+02
2.790000000000000000e+02
2.860000000000000000e+02
2.930000000000000000e+02
3.000000000000000000e+02
3.070000000000000000e+02
3.150000000000000000e+02
3.230000000000000000e+02
3.310000000000000000e+02
3.380000000000000000e+02
3.470000000000000000e+02
3.550000000000000000e+02
3.650000000000000000e+02
3.730000000000000000e+02
3.820000000000000000e+02
3.920000000000000000e+02
4.010000000000000000e+02
4.110000000000000000e+02
4.210000000000000000e+02
4.320000000000000000e+02
4.420000000000000000e+02
4.530000000000000000e+02
4.640000000000000000e+02
4.750000000000000000e+02
4.870000000000000000e+02
4.990000000000000000e+02
