9.054726368159203564e-02
9.253731343283581878e-02
9.452736318407960192e-02
9.651741293532338506e-02
9.850746268656716820e-02
1.024875621890547206e-01
1.044776119402985037e-01
1.064676616915422869e-01
1.104477611940298531e-01
1.124378109452736363e-01
1.144278606965174055e-01
1.184079601990049718e-01
1.203980099502487550e-01
1.243781094527363212e-01
1.263681592039800905e-01
1.303482587064676568e-01
1.323383084577114399e-01
1.363184079601990062e-01
1.402985074626865725e-01
1.422885572139303556e-01
1.462686567164178941e-01
1.502487562189054604e-01
1.542288557213930267e-01
1.582089552238805930e-01
1.601990049751243761e-01
1.641791044776119424e-01
1.681592039800995086e-01
1.741293532338308303e-01
1.781094527363183966e-01
1.820895522388059629e-01
1.860696517412935291e-01
1.900497512437810954e-01
1.960199004975124171e-01
1.999999999999999833e-01
2.059701492537313328e-01
2.099502487562188990e-01
2.159203980099502485e-01
2.199004975124378147e-01
2.258706467661691364e-01
2.318407960199004858e-01
2.378109452736318352e-01
2.437810945273631846e-01
2.477611940298507232e-01
2.537313432835820448e-01
2.597014925373133942e-01
2.676616915422885268e-01
2.736318407960198762e-01
2.796019900497512256e-01
2.875621890547263027e-01
2.935323383084576521e-01
3.014925373134327846e-01
3.074626865671641340e-01
3.154228855721392666e-01
3.233830845771143991e-01
3.313432835820895317e-01
3.393034825870646087e-01
3.472636815920397413e-01
3.572139303482586570e-01
3.651741293532337895e-01
3.731343283582089221e-01
3.830845771144278378e-01
3.930348258706466980e-01
4.009950248756218305e-01
4.109452736318407462e-01
4.208955223880596619e-01
4.308457711442785776e-01
4.427860696517412209e-01
4.527363184079601366e-01
4.646766169154228354e-01
4.746268656716417511e-01
4.865671641791044499e-01
4.985074626865670933e-01
5.104477611940297921e-01
5.223880597014924909e-01
5.363184079601989174e-01
5.482587064676616162e-01
5.621890547263681537e-01
5.761194029850745801e-01
5.900497512437810066e-01
6.039800995024875441e-01
6.179104477611939705e-01
6.338308457711442356e-01
6.497512437810945007e-01
6.656716417910447658e-01
6.796019900497511923e-01
6.975124378109451850e-01
7.134328358208954501e-01
7.333333333333332815e-01
7.492537313432835466e-01
7.671641791044775394e-01
7.870646766169153707e-01
8.049751243781093635e-01
8.248756218905471949e-01
8.447761194029850262e-01
8.666666666666665853e-01
8.865671641791044166e-01
9.084577114427859756e-01
9.303482587064675347e-01
9.522388059701492047e-01
9.761194029850744913e-01
9.999999999999998890e-01
