index      theta                phi                 

0          [0.000000, 0.052135] [0.000000, 6.283185]
1          [0.052135, 0.147576] [0.000000, 0.897598]
2          [0.052135, 0.147576] [0.897598, 1.795196]
3          [0.052135, 0.147576] [1.795196, 2.692794]
4          [0.052135, 0.147576] [2.692794, 3.590392]
5          [0.052135, 0.147576] [3.590392, 4.487990]
6          [0.052135, 0.147576] [4.487990, 5.385587]
7          [0.052135, 0.147576] [5.385587, 6.283185]
8          [0.147576, 0.233657] [0.000000, 0.523599]
9          [0.147576, 0.233657] [0.523599, 1.047198]
10         [0.147576, 0.233657] [1.047198, 1.570796]
11         [0.147576, 0.233657] [1.570796, 2.094395]
12         [0.147576, 0.233657] [2.094395, 2.617994]
13         [0.147576, 0.233657] [2.617994, 3.141593]
14         [0.147576, 0.233657] [3.141593, 3.665191]
15         [0.147576, 0.233657] [3.665191, 4.188790]
16         [0.147576, 0.233657] [4.188790, 4.712389]
17         [0.147576, 0.233657] [4.712389, 5.235988]
18         [0.147576, 0.233657] [5.235988, 5.759587]
19         [0.147576, 0.233657] [5.759587, 6.283185]
20         [0.233657, 0.326998] [0.000000, 0.330694]
21         [0.233657, 0.326998] [0.330694, 0.661388]
22         [0.233657, 0.326998] [0.661388, 0.992082]
23         [0.233657, 0.326998] [0.992082, 1.322776]
24         [0.233657, 0.326998] [1.322776, 1.653470]
25         [0.233657, 0.326998] [1.653470, 1.984164]
26         [0.233657, 0.326998] [1.984164, 2.314858]
27         [0.233657, 0.326998] [2.314858, 2.645552]
28         [0.233657, 0.326998] [2.645552, 2.976246]
29         [0.233657, 0.326998] [2.976246, 3.306940]
30         [0.233657, 0.326998] [3.306940, 3.637634]
31         [0.233657, 0.326998] [3.637634, 3.968328]
32         [0.233657, 0.326998] [3.968328, 4.299022]
33         [0.233657, 0.326998] [4.299022, 4.629715]
34         [0.233657, 0.326998] [4.629715, 4.960409]
35         [0.233657, 0.326998] [4.960409, 5.291103]
36         [0.233657, 0.326998] [5.291103, 5.621797]
37         [0.233657, 0.326998] [5.621797, 5.952491]
38         [0.233657, 0.326998] [5.952491, 6.283185]
39         [0.326998, 0.420111] [0.000000, 0.251327]
40         [0.326998, 0.420111] [0.251327, 0.502655]
41         [0.326998, 0.420111] [0.502655, 0.753982]
42         [0.326998, 0.420111] [0.753982, 1.005310]
43         [0.326998, 0.420111] [1.005310, 1.256637]
44         [0.326998, 0.420111] [1.256637, 1.507964]
45         [0.326998, 0.420111] [1.507964, 1.759292]
46         [0.326998, 0.420111] [1.759292, 2.010619]
47         [0.326998, 0.420111] [2.010619, 2.261947]
48         [0.326998, 0.420111] [2.261947, 2.513274]
49         [0.326998, 0.420111] [2.513274, 2.764602]
50         [0.326998, 0.420111] [2.764602, 3.015929]
51         [0.326998, 0.420111] [3.015929, 3.267256]
52         [0.326998, 0.420111] [3.267256, 3.518584]
53         [0.326998, 0.420111] [3.518584, 3.769911]
54         [0.326998, 0.420111] [3.769911, 4.021239]
55         [0.326998, 0.420111] [4.021239, 4.272566]
56         [0.326998, 0.420111] [4.272566, 4.523893]
57         [0.326998, 0.420111] [4.523893, 4.775221]
58         [0.326998, 0.420111] [4.775221, 5.026548]
59         [0.326998, 0.420111] [5.026548, 5.277876]
60         [0.326998, 0.420111] [5.277876, 5.529203]
61         [0.326998, 0.420111] [5.529203, 5.780530]
62         [0.326998, 0.420111] [5.780530, 6.031858]
63         [0.326998, 0.420111] [6.031858, 6.283185]
64         [0.420111, 0.513717] [0.000000, 0.202683]
65         [0.420111, 0.513717] [0.202683, 0.405367]
66         [0.420111, 0.513717] [0.405367, 0.608050]
67         [0.420111, 0.513717] [0.608050, 0.810734]
68         [0.420111, 0.513717] [0.810734, 1.013417]
69         [0.420111, 0.513717] [1.013417, 1.216100]
70         [0.420111, 0.513717] [1.216100, 1.418784]
71         [0.420111, 0.513717] [1.418784, 1.621467]
72         [0.420111, 0.513717] [1.621467, 1.824151]
73         [0.420111, 0.513717] [1.824151, 2.026834]
74         [0.420111, 0.513717] [2.026834, 2.229517]
75         [0.420111, 0.513717] [2.229517, 2.432201]
76         [0.420111, 0.513717] [2.432201, 2.634884]
77         [0.420111, 0.513717] [2.634884, 2.837568]
78         [0.420111, 0.513717] [2.837568, 3.040251]
79         [0.420111, 0.513717] [3.040251, 3.242934]
80         [0.420111, 0.513717] [3.242934, 3.445618]
81         [0.420111, 0.513717] [3.445618, 3.648301]
82         [0.420111, 0.513717] [3.648301, 3.850985]
83         [0.420111, 0.513717] [3.850985, 4.053668]
84         [0.420111, 0.513717] [4.053668, 4.256351]
85         [0.420111, 0.513717] [4.256351, 4.459035]
86         [0.420111, 0.513717] [4.459035, 4.661718]
87         [0.420111, 0.513717] [4.661718, 4.864402]
88         [0.420111, 0.513717] [4.864402, 5.067085]
89         [0.420111, 0.513717] [5.067085, 5.269768]
90         [0.420111, 0.513717] [5.269768, 5.472452]
91         [0.420111, 0.513717] [5.472452, 5.675135]
92         [0.420111, 0.513717] [5.675135, 5.877819]
93         [0.420111, 0.513717] [5.877819, 6.080502]
94         [0.420111, 0.513717] [6.080502, 6.283185]
95         [0.513717, 0.603473] [0.000000, 0.179520]
96         [0.513717, 0.603473] [0.179520, 0.359039]
97         [0.513717, 0.603473] [0.359039, 0.538559]
98         [0.513717, 0.603473] [0.538559, 0.718078]
99         [0.513717, 0.603473] [0.718078, 0.897598]
100        [0.513717, 0.603473] [0.897598, 1.077117]
101        [0.513717, 0.603473] [1.077117, 1.256637]
102        [0.513717, 0.603473] [1.256637, 1.436157]
103        [0.513717, 0.603473] [1.436157, 1.615676]
104        [0.513717, 0.603473] [1.615676, 1.795196]
105        [0.513717, 0.603473] [1.795196, 1.974715]
106        [0.513717, 0.603473] [1.974715, 2.154235]
107        [0.513717, 0.603473] [2.154235, 2.333755]
108        [0.513717, 0.603473] [2.333755, 2.513274]
109        [0.513717, 0.603473] [2.513274, 2.692794]
110        [0.513717, 0.603473] [2.692794, 2.872313]
111        [0.513717, 0.603473] [2.872313, 3.051833]
112        [0.513717, 0.603473] [3.051833, 3.231352]
113        [0.513717, 0.603473] [3.231352, 3.410872]
114        [0.513717, 0.603473] [3.410872, 3.590392]
115        [0.513717, 0.603473] [3.590392, 3.769911]
116        [0.513717, 0.603473] [3.769911, 3.949431]
117        [0.513717, 0.603473] [3.949431, 4.128950]
118        [0.513717, 0.603473] [4.128950, 4.308470]
119        [0.513717, 0.603473] [4.308470, 4.487990]
120        [0.513717, 0.603473] [4.487990, 4.667509]
121        [0.513717, 0.603473] [4.667509, 4.847029]
122        [0.513717, 0.603473] [4.847029, 5.026548]
123        [0.513717, 0.603473] [5.026548, 5.206068]
124        [0.513717, 0.603473] [5.206068, 5.385587]
125        [0.513717, 0.603473] [5.385587, 5.565107]
126        [0.513717, 0.603473] [5.565107, 5.744627]
127        [0.513717, 0.603473] [5.744627, 5.924146]
128        [0.513717, 0.603473] [5.924146, 6.103666]
129        [0.513717, 0.603473] [6.103666, 6.283185]
130        [0.603473, 0.695610] [0.000000, 0.153248]
131        [0.603473, 0.695610] [0.153248, 0.306497]
132        [0.603473, 0.695610] [0.306497, 0.459745]
133        [0.603473, 0.695610] [0.459745, 0.612994]
134        [0.603473, 0.695610] [0.612994, 0.766242]
135        [0.603473, 0.695610] [0.766242, 0.919491]
136        [0.603473, 0.695610] [0.919491, 1.072739]
137        [0.603473, 0.695610] [1.072739, 1.225987]
138        [0.603473, 0.695610] [1.225987, 1.379236]
139        [0.603473, 0.695610] [1.379236, 1.532484]
140        [0.603473, 0.695610] [1.532484, 1.685733]
141        [0.603473, 0.695610] [1.685733, 1.838981]
142        [0.603473, 0.695610] [1.838981, 1.992229]
143        [0.603473, 0.695610] [1.992229, 2.145478]
144        [0.603473, 0.695610] [2.145478, 2.298726]
145        [0.603473, 0.695610] [2.298726, 2.451975]
146        [0.603473, 0.695610] [2.451975, 2.605223]
147        [0.603473, 0.695610] [2.605223, 2.758472]
148        [0.603473, 0.695610] [2.758472, 2.911720]
149        [0.603473, 0.695610] [2.911720, 3.064968]
150        [0.603473, 0.695610] [3.064968, 3.218217]
151        [0.603473, 0.695610] [3.218217, 3.371465]
152        [0.603473, 0.695610] [3.371465, 3.524714]
153        [0.603473, 0.695610] [3.524714, 3.677962]
154        [0.603473, 0.695610] [3.677962, 3.831211]
155        [0.603473, 0.695610] [3.831211, 3.984459]
156        [0.603473, 0.695610] [3.984459, 4.137707]
157        [0.603473, 0.695610] [4.137707, 4.290956]
158        [0.603473, 0.695610] [4.290956, 4.444204]
159        [0.603473, 0.695610] [4.444204, 4.597453]
160        [0.603473, 0.695610] [4.597453, 4.750701]
161        [0.603473, 0.695610] [4.750701, 4.903950]
162        [0.603473, 0.695610] [4.903950, 5.057198]
163        [0.603473, 0.695610] [5.057198, 5.210446]
164        [0.603473, 0.695610] [5.210446, 5.363695]
165        [0.603473, 0.695610] [5.363695, 5.516943]
166        [0.603473, 0.695610] [5.516943, 5.670192]
167        [0.603473, 0.695610] [5.670192, 5.823440]
168        [0.603473, 0.695610] [5.823440, 5.976688]
169        [0.603473, 0.695610] [5.976688, 6.129937]
170        [0.603473, 0.695610] [6.129937, 6.283185]
171        [0.695610, 0.788143] [0.000000, 0.136591]
172        [0.695610, 0.788143] [0.136591, 0.273182]
173        [0.695610, 0.788143] [0.273182, 0.409773]
174        [0.695610, 0.788143] [0.409773, 0.546364]
175        [0.695610, 0.788143] [0.546364, 0.682955]
176        [0.695610, 0.788143] [0.682955, 0.819546]
177        [0.695610, 0.788143] [0.819546, 0.956137]
178        [0.695610, 0.788143] [0.956137, 1.092728]
179        [0.695610, 0.788143] [1.092728, 1.229319]
180        [0.695610, 0.788143] [1.229319, 1.365910]
181        [0.695610, 0.788143] [1.365910, 1.502501]
182        [0.695610, 0.788143] [1.502501, 1.639092]
183        [0.695610, 0.788143] [1.639092, 1.775683]
184        [0.695610, 0.788143] [1.775683, 1.912274]
185        [0.695610, 0.788143] [1.912274, 2.048865]
186        [0.695610, 0.788143] [2.048865, 2.185456]
187        [0.695610, 0.788143] [2.185456, 2.322047]
188        [0.695610, 0.788143] [2.322047, 2.458638]
189        [0.695610, 0.788143] [2.458638, 2.595229]
190        [0.695610, 0.788143] [2.595229, 2.731820]
191        [0.695610, 0.788143] [2.731820, 2.868411]
192        [0.695610, 0.788143] [2.868411, 3.005002]
193        [0.695610, 0.788143] [3.005002, 3.141593]
194        [0.695610, 0.788143] [3.141593, 3.278184]
195        [0.695610, 0.788143] [3.278184, 3.414775]
196        [0.695610, 0.788143] [3.414775, 3.551366]
197        [0.695610, 0.788143] [3.551366, 3.687957]
198        [0.695610, 0.788143] [3.687957, 3.824548]
199        [0.695610, 0.788143] [3.824548, 3.961139]
200        [0.695610, 0.788143] [3.961139, 4.097730]
201        [0.695610, 0.788143] [4.097730, 4.234321]
202        [0.695610, 0.788143] [4.234321, 4.370912]
203        [0.695610, 0.788143] [4.370912, 4.507503]
204        [0.695610, 0.788143] [4.507503, 4.644093]
205        [0.695610, 0.788143] [4.644093, 4.780684]
206        [0.695610, 0.788143] [4.780684, 4.917275]
207        [0.695610, 0.788143] [4.917275, 5.053866]
208        [0.695610, 0.788143] [5.053866, 5.190457]
209        [0.695610, 0.788143] [5.190457, 5.327048]
210        [0.695610, 0.788143] [5.327048, 5.463639]
211        [0.695610, 0.788143] [5.463639, 5.600230]
212        [0.695610, 0.788143] [5.600230, 5.736821]
213        [0.695610, 0.788143] [5.736821, 5.873412]
214        [0.695610, 0.788143] [5.873412, 6.010003]
215        [0.695610, 0.788143] [6.010003, 6.146594]
216        [0.695610, 0.788143] [6.146594, 6.283185]
217        [0.788143, 0.879900] [0.000000, 0.125664]
218        [0.788143, 0.879900] [0.125664, 0.251327]
219        [0.788143, 0.879900] [0.251327, 0.376991]
220        [0.788143, 0.879900] [0.376991, 0.502655]
221        [0.788143, 0.879900] [0.502655, 0.628319]
222        [0.788143, 0.879900] [0.628319, 0.753982]
223        [0.788143, 0.879900] [0.753982, 0.879646]
224        [0.788143, 0.879900] [0.879646, 1.005310]
225        [0.788143, 0.879900] [1.005310, 1.130973]
226        [0.788143, 0.879900] [1.130973, 1.256637]
227        [0.788143, 0.879900] [1.256637, 1.382301]
228        [0.788143, 0.879900] [1.382301, 1.507964]
229        [0.788143, 0.879900] [1.507964, 1.633628]
230        [0.788143, 0.879900] [1.633628, 1.759292]
231        [0.788143, 0.879900] [1.759292, 1.884956]
232        [0.788143, 0.879900] [1.884956, 2.010619]
233        [0.788143, 0.879900] [2.010619, 2.136283]
234        [0.788143, 0.879900] [2.136283, 2.261947]
235        [0.788143, 0.879900] [2.261947, 2.387610]
236        [0.788143, 0.879900] [2.387610, 2.513274]
237        [0.788143, 0.879900] [2.513274, 2.638938]
238        [0.788143, 0.879900] [2.638938, 2.764602]
239        [0.788143, 0.879900] [2.764602, 2.890265]
240        [0.788143, 0.879900] [2.890265, 3.015929]
241        [0.788143, 0.879900] [3.015929, 3.141593]
242        [0.788143, 0.879900] [3.141593, 3.267256]
243        [0.788143, 0.879900] [3.267256, 3.392920]
244        [0.788143, 0.879900] [3.392920, 3.518584]
245        [0.788143, 0.879900] [3.518584, 3.644247]
246        [0.788143, 0.879900] [3.644247, 3.769911]
247        [0.788143, 0.879900] [3.769911, 3.895575]
248        [0.788143, 0.879900] [3.895575, 4.021239]
249        [0.788143, 0.879900] [4.021239, 4.146902]
250        [0.788143, 0.879900] [4.146902, 4.272566]
251        [0.788143, 0.879900] [4.272566, 4.398230]
252        [0.788143, 0.879900] [4.398230, 4.523893]
253        [0.788143, 0.879900] [4.523893, 4.649557]
254        [0.788143, 0.879900] [4.649557, 4.775221]
255        [0.788143, 0.879900] [4.775221, 4.900885]
256        [0.788143, 0.879900] [4.900885, 5.026548]
257        [0.788143, 0.879900] [5.026548, 5.152212]
258        [0.788143, 0.879900] [5.152212, 5.277876]
259        [0.788143, 0.879900] [5.277876, 5.403539]
260        [0.788143, 0.879900] [5.403539, 5.529203]
261        [0.788143, 0.879900] [5.529203, 5.654867]
262        [0.788143, 0.879900] [5.654867, 5.780530]
263        [0.788143, 0.879900] [5.780530, 5.906194]
264        [0.788143, 0.879900] [5.906194, 6.031858]
265        [0.788143, 0.879900] [6.031858, 6.157522]
266        [0.788143, 0.879900] [6.157522, 6.283185]
267        [0.879900, 0.971746] [0.000000, 0.116355]
268        [0.879900, 0.971746] [0.116355, 0.232711]
269        [0.879900, 0.971746] [0.232711, 0.349066]
270        [0.879900, 0.971746] [0.349066, 0.465421]
271        [0.879900, 0.971746] [0.465421, 0.581776]
272        [0.879900, 0.971746] [0.581776, 0.698132]
273        [0.879900, 0.971746] [0.698132, 0.814487]
274        [0.879900, 0.971746] [0.814487, 0.930842]
275        [0.879900, 0.971746] [0.930842, 1.047198]
276        [0.879900, 0.971746] [1.047198, 1.163553]
277        [0.879900, 0.971746] [1.163553, 1.279908]
278        [0.879900, 0.971746] [1.279908, 1.396263]
279        [0.879900, 0.971746] [1.396263, 1.512619]
280        [0.879900, 0.971746] [1.512619, 1.628974]
281        [0.879900, 0.971746] [1.628974, 1.745329]
282        [0.879900, 0.971746] [1.745329, 1.861685]
283        [0.879900, 0.971746] [1.861685, 1.978040]
284        [0.879900, 0.971746] [1.978040, 2.094395]
285        [0.879900, 0.971746] [2.094395, 2.210750]
286        [0.879900, 0.971746] [2.210750, 2.327106]
287        [0.879900, 0.971746] [2.327106, 2.443461]
288        [0.879900, 0.971746] [2.443461, 2.559816]
289        [0.879900, 0.971746] [2.559816, 2.676172]
290        [0.879900, 0.971746] [2.676172, 2.792527]
291        [0.879900, 0.971746] [2.792527, 2.908882]
292        [0.879900, 0.971746] [2.908882, 3.025237]
293        [0.879900, 0.971746] [3.025237, 3.141593]
294        [0.879900, 0.971746] [3.141593, 3.257948]
295        [0.879900, 0.971746] [3.257948, 3.374303]
296        [0.879900, 0.971746] [3.374303, 3.490659]
297        [0.879900, 0.971746] [3.490659, 3.607014]
298        [0.879900, 0.971746] [3.607014, 3.723369]
299        [0.879900, 0.971746] [3.723369, 3.839724]
300        [0.879900, 0.971746] [3.839724, 3.956080]
301        [0.879900, 0.971746] [3.956080, 4.072435]
302        [0.879900, 0.971746] [4.072435, 4.188790]
303        [0.879900, 0.971746] [4.188790, 4.305145]
304        [0.879900, 0.971746] [4.305145, 4.421501]
305        [0.879900, 0.971746] [4.421501, 4.537856]
306        [0.879900, 0.971746] [4.537856, 4.654211]
307        [0.879900, 0.971746] [4.654211, 4.770567]
308        [0.879900, 0.971746] [4.770567, 4.886922]
309        [0.879900, 0.971746] [4.886922, 5.003277]
310        [0.879900, 0.971746] [5.003277, 5.119632]
311        [0.879900, 0.971746] [5.119632, 5.235988]
312        [0.879900, 0.971746] [5.235988, 5.352343]
313        [0.879900, 0.971746] [5.352343, 5.468698]
314        [0.879900, 0.971746] [5.468698, 5.585054]
315        [0.879900, 0.971746] [5.585054, 5.701409]
316        [0.879900, 0.971746] [5.701409, 5.817764]
317        [0.879900, 0.971746] [5.817764, 5.934119]
318        [0.879900, 0.971746] [5.934119, 6.050475]
319        [0.879900, 0.971746] [6.050475, 6.166830]
320        [0.879900, 0.971746] [6.166830, 6.283185]
321        [0.971746, 1.064371] [0.000000, 0.108331]
322        [0.971746, 1.064371] [0.108331, 0.216662]
323        [0.971746, 1.064371] [0.216662, 0.324992]
324        [0.971746, 1.064371] [0.324992, 0.433323]
325        [0.971746, 1.064371] [0.433323, 0.541654]
326        [0.971746, 1.064371] [0.541654, 0.649985]
327        [0.971746, 1.064371] [0.649985, 0.758315]
328        [0.971746, 1.064371] [0.758315, 0.866646]
329        [0.971746, 1.064371] [0.866646, 0.974977]
330        [0.971746, 1.064371] [0.974977, 1.083308]
331        [0.971746, 1.064371] [1.083308, 1.191639]
332        [0.971746, 1.064371] [1.191639, 1.299969]
333        [0.971746, 1.064371] [1.299969, 1.408300]
334        [0.971746, 1.064371] [1.408300, 1.516631]
335        [0.971746, 1.064371] [1.516631, 1.624962]
336        [0.971746, 1.064371] [1.624962, 1.733292]
337        [0.971746, 1.064371] [1.733292, 1.841623]
338        [0.971746, 1.064371] [1.841623, 1.949954]
339        [0.971746, 1.064371] [1.949954, 2.058285]
340        [0.971746, 1.064371] [2.058285, 2.166616]
341        [0.971746, 1.064371] [2.166616, 2.274946]
342        [0.971746, 1.064371] [2.274946, 2.383277]
343        [0.971746, 1.064371] [2.383277, 2.491608]
344        [0.971746, 1.064371] [2.491608, 2.599939]
345        [0.971746, 1.064371] [2.599939, 2.708270]
346        [0.971746, 1.064371] [2.708270, 2.816600]
347        [0.971746, 1.064371] [2.816600, 2.924931]
348        [0.971746, 1.064371] [2.924931, 3.033262]
349        [0.971746, 1.064371] [3.033262, 3.141593]
350        [0.971746, 1.064371] [3.141593, 3.249923]
351        [0.971746, 1.064371] [3.249923, 3.358254]
352        [0.971746, 1.064371] [3.358254, 3.466585]
353        [0.971746, 1.064371] [3.466585, 3.574916]
354        [0.971746, 1.064371] [3.574916, 3.683247]
355        [0.971746, 1.064371] [3.683247, 3.791577]
356        [0.971746, 1.064371] [3.791577, 3.899908]
357        [0.971746, 1.064371] [3.899908, 4.008239]
358        [0.971746, 1.064371] [4.008239, 4.116570]
359        [0.971746, 1.064371] [4.116570, 4.224900]
360        [0.971746, 1.064371] [4.224900, 4.333231]
361        [0.971746, 1.064371] [4.333231, 4.441562]
362        [0.971746, 1.064371] [4.441562, 4.549893]
363        [0.971746, 1.064371] [4.549893, 4.658224]
364        [0.971746, 1.064371] [4.658224, 4.766554]
365        [0.971746, 1.064371] [4.766554, 4.874885]
366        [0.971746, 1.064371] [4.874885, 4.983216]
367        [0.971746, 1.064371] [4.983216, 5.091547]
368        [0.971746, 1.064371] [5.091547, 5.199877]
369        [0.971746, 1.064371] [5.199877, 5.308208]
370        [0.971746, 1.064371] [5.308208, 5.416539]
371        [0.971746, 1.064371] [5.416539, 5.524870]
372        [0.971746, 1.064371] [5.524870, 5.633201]
373        [0.971746, 1.064371] [5.633201, 5.741531]
374        [0.971746, 1.064371] [5.741531, 5.849862]
375        [0.971746, 1.064371] [5.849862, 5.958193]
376        [0.971746, 1.064371] [5.958193, 6.066524]
377        [0.971746, 1.064371] [6.066524, 6.174855]
378        [0.971746, 1.064371] [6.174855, 6.283185]
379        [1.064371, 1.156906] [0.000000, 0.103003]
380        [1.064371, 1.156906] [0.103003, 0.206006]
381        [1.064371, 1.156906] [0.206006, 0.309009]
382        [1.064371, 1.156906] [0.309009, 0.412012]
383        [1.064371, 1.156906] [0.412012, 0.515015]
384        [1.064371, 1.156906] [0.515015, 0.618018]
385        [1.064371, 1.156906] [0.618018, 0.721021]
386        [1.064371, 1.156906] [0.721021, 0.824024]
387        [1.064371, 1.156906] [0.824024, 0.927027]
388        [1.064371, 1.156906] [0.927027, 1.030030]
389        [1.064371, 1.156906] [1.030030, 1.133033]
390        [1.064371, 1.156906] [1.133033, 1.236036]
391        [1.064371, 1.156906] [1.236036, 1.339039]
392        [1.064371, 1.156906] [1.339039, 1.442043]
393        [1.064371, 1.156906] [1.442043, 1.545046]
394        [1.064371, 1.156906] [1.545046, 1.648049]
395        [1.064371, 1.156906] [1.648049, 1.751052]
396        [1.064371, 1.156906] [1.751052, 1.854055]
397        [1.064371, 1.156906] [1.854055, 1.957058]
398        [1.064371, 1.156906] [1.957058, 2.060061]
399        [1.064371, 1.156906] [2.060061, 2.163064]
400        [1.064371, 1.156906] [2.163064, 2.266067]
401        [1.064371, 1.156906] [2.266067, 2.369070]
402        [1.064371, 1.156906] [2.369070, 2.472073]
403        [1.064371, 1.156906] [2.472073, 2.575076]
404        [1.064371, 1.156906] [2.575076, 2.678079]
405        [1.064371, 1.156906] [2.678079, 2.781082]
406        [1.064371, 1.156906] [2.781082, 2.884085]
407        [1.064371, 1.156906] [2.884085, 2.987088]
408        [1.064371, 1.156906] [2.987088, 3.090091]
409        [1.064371, 1.156906] [3.090091, 3.193094]
410        [1.064371, 1.156906] [3.193094, 3.296097]
411        [1.064371, 1.156906] [3.296097, 3.399100]
412        [1.064371, 1.156906] [3.399100, 3.502103]
413        [1.064371, 1.156906] [3.502103, 3.605106]
414        [1.064371, 1.156906] [3.605106, 3.708109]
415        [1.064371, 1.156906] [3.708109, 3.811112]
416        [1.064371, 1.156906] [3.811112, 3.914115]
417        [1.064371, 1.156906] [3.914115, 4.017118]
418        [1.064371, 1.156906] [4.017118, 4.120122]
419        [1.064371, 1.156906] [4.120122, 4.223125]
420        [1.064371, 1.156906] [4.223125, 4.326128]
421        [1.064371, 1.156906] [4.326128, 4.429131]
422        [1.064371, 1.156906] [4.429131, 4.532134]
423        [1.064371, 1.156906] [4.532134, 4.635137]
424        [1.064371, 1.156906] [4.635137, 4.738140]
425        [1.064371, 1.156906] [4.738140, 4.841143]
426        [1.064371, 1.156906] [4.841143, 4.944146]
427        [1.064371, 1.156906] [4.944146, 5.047149]
428        [1.064371, 1.156906] [5.047149, 5.150152]
429        [1.064371, 1.156906] [5.150152, 5.253155]
430        [1.064371, 1.156906] [5.253155, 5.356158]
431        [1.064371, 1.156906] [5.356158, 5.459161]
432        [1.064371, 1.156906] [5.459161, 5.562164]
433        [1.064371, 1.156906] [5.562164, 5.665167]
434        [1.064371, 1.156906] [5.665167, 5.768170]
435        [1.064371, 1.156906] [5.768170, 5.871173]
436        [1.064371, 1.156906] [5.871173, 5.974176]
437        [1.064371, 1.156906] [5.974176, 6.077179]
438        [1.064371, 1.156906] [6.077179, 6.180182]
439        [1.064371, 1.156906] [6.180182, 6.283185]
440        [1.156906, 1.248679] [0.000000, 0.099733]
441        [1.156906, 1.248679] [0.099733, 0.199466]
442        [1.156906, 1.248679] [0.199466, 0.299199]
443        [1.156906, 1.248679] [0.299199, 0.398932]
444        [1.156906, 1.248679] [0.398932, 0.498666]
445        [1.156906, 1.248679] [0.498666, 0.598399]
446        [1.156906, 1.248679] [0.598399, 0.698132]
447        [1.156906, 1.248679] [0.698132, 0.797865]
448        [1.156906, 1.248679] [0.797865, 0.897598]
449        [1.156906, 1.248679] [0.897598, 0.997331]
450        [1.156906, 1.248679] [0.997331, 1.097064]
451        [1.156906, 1.248679] [1.097064, 1.196797]
452        [1.156906, 1.248679] [1.196797, 1.296530]
453        [1.156906, 1.248679] [1.296530, 1.396263]
454        [1.156906, 1.248679] [1.396263, 1.495997]
455        [1.156906, 1.248679] [1.495997, 1.595730]
456        [1.156906, 1.248679] [1.595730, 1.695463]
457        [1.156906, 1.248679] [1.695463, 1.795196]
458        [1.156906, 1.248679] [1.795196, 1.894929]
459        [1.156906, 1.248679] [1.894929, 1.994662]
460        [1.156906, 1.248679] [1.994662, 2.094395]
461        [1.156906, 1.248679] [2.094395, 2.194128]
462        [1.156906, 1.248679] [2.194128, 2.293861]
463        [1.156906, 1.248679] [2.293861, 2.393594]
464        [1.156906, 1.248679] [2.393594, 2.493328]
465        [1.156906, 1.248679] [2.493328, 2.593061]
466        [1.156906, 1.248679] [2.593061, 2.692794]
467        [1.156906, 1.248679] [2.692794, 2.792527]
468        [1.156906, 1.248679] [2.792527, 2.892260]
469        [1.156906, 1.248679] [2.892260, 2.991993]
470        [1.156906, 1.248679] [2.991993, 3.091726]
471        [1.156906, 1.248679] [3.091726, 3.191459]
472        [1.156906, 1.248679] [3.191459, 3.291192]
473        [1.156906, 1.248679] [3.291192, 3.390925]
474        [1.156906, 1.248679] [3.390925, 3.490659]
475        [1.156906, 1.248679] [3.490659, 3.590392]
476        [1.156906, 1.248679] [3.590392, 3.690125]
477        [1.156906, 1.248679] [3.690125, 3.789858]
478        [1.156906, 1.248679] [3.789858, 3.889591]
479        [1.156906, 1.248679] [3.889591, 3.989324]
480        [1.156906, 1.248679] [3.989324, 4.089057]
481        [1.156906, 1.248679] [4.089057, 4.188790]
482        [1.156906, 1.248679] [4.188790, 4.288523]
483        [1.156906, 1.248679] [4.288523, 4.388256]
484        [1.156906, 1.248679] [4.388256, 4.487990]
485        [1.156906, 1.248679] [4.487990, 4.587723]
486        [1.156906, 1.248679] [4.587723, 4.687456]
487        [1.156906, 1.248679] [4.687456, 4.787189]
488        [1.156906, 1.248679] [4.787189, 4.886922]
489        [1.156906, 1.248679] [4.886922, 4.986655]
490        [1.156906, 1.248679] [4.986655, 5.086388]
491        [1.156906, 1.248679] [5.086388, 5.186121]
492        [1.156906, 1.248679] [5.186121, 5.285854]
493        [1.156906, 1.248679] [5.285854, 5.385587]
494        [1.156906, 1.248679] [5.385587, 5.485321]
495        [1.156906, 1.248679] [5.485321, 5.585054]
496        [1.156906, 1.248679] [5.585054, 5.684787]
497        [1.156906, 1.248679] [5.684787, 5.784520]
498        [1.156906, 1.248679] [5.784520, 5.884253]
499        [1.156906, 1.248679] [5.884253, 5.983986]
500        [1.156906, 1.248679] [5.983986, 6.083719]
501        [1.156906, 1.248679] [6.083719, 6.183452]
502        [1.156906, 1.248679] [6.183452, 6.283185]
503        [1.248679, 1.340505] [0.000000, 0.096664]
504        [1.248679, 1.340505] [0.096664, 0.193329]
505        [1.248679, 1.340505] [0.193329, 0.289993]
506        [1.248679, 1.340505] [0.289993, 0.386658]
507        [1.248679, 1.340505] [0.386658, 0.483322]
508        [1.248679, 1.340505] [0.483322, 0.579986]
509        [1.248679, 1.340505] [0.579986, 0.676651]
510        [1.248679, 1.340505] [0.676651, 0.773315]
511        [1.248679, 1.340505] [0.773315, 0.869980]
512        [1.248679, 1.340505] [0.869980, 0.966644]
513        [1.248679, 1.340505] [0.966644, 1.063308]
514        [1.248679, 1.340505] [1.063308, 1.159973]
515        [1.248679, 1.340505] [1.159973, 1.256637]
516        [1.248679, 1.340505] [1.256637, 1.353301]
517        [1.248679, 1.340505] [1.353301, 1.449966]
518        [1.248679, 1.340505] [1.449966, 1.546630]
519        [1.248679, 1.340505] [1.546630, 1.643295]
520        [1.248679, 1.340505] [1.643295, 1.739959]
521        [1.248679, 1.340505] [1.739959, 1.836623]
522        [1.248679, 1.340505] [1.836623, 1.933288]
523        [1.248679, 1.340505] [1.933288, 2.029952]
524        [1.248679, 1.340505] [2.029952, 2.126617]
525        [1.248679, 1.340505] [2.126617, 2.223281]
526        [1.248679, 1.340505] [2.223281, 2.319945]
527        [1.248679, 1.340505] [2.319945, 2.416610]
528        [1.248679, 1.340505] [2.416610, 2.513274]
529        [1.248679, 1.340505] [2.513274, 2.609939]
530        [1.248679, 1.340505] [2.609939, 2.706603]
531        [1.248679, 1.340505] [2.706603, 2.803267]
532        [1.248679, 1.340505] [2.803267, 2.899932]
533        [1.248679, 1.340505] [2.899932, 2.996596]
534        [1.248679, 1.340505] [2.996596, 3.093260]
535        [1.248679, 1.340505] [3.093260, 3.189925]
536        [1.248679, 1.340505] [3.189925, 3.286589]
537        [1.248679, 1.340505] [3.286589, 3.383254]
538        [1.248679, 1.340505] [3.383254, 3.479918]
539        [1.248679, 1.340505] [3.479918, 3.576582]
540        [1.248679, 1.340505] [3.576582, 3.673247]
541        [1.248679, 1.340505] [3.673247, 3.769911]
542        [1.248679, 1.340505] [3.769911, 3.866576]
543        [1.248679, 1.340505] [3.866576, 3.963240]
544        [1.248679, 1.340505] [3.963240, 4.059904]
545        [1.248679, 1.340505] [4.059904, 4.156569]
546        [1.248679, 1.340505] [4.156569, 4.253233]
547        [1.248679, 1.340505] [4.253233, 4.349898]
548        [1.248679, 1.340505] [4.349898, 4.446562]
549        [1.248679, 1.340505] [4.446562, 4.543226]
550        [1.248679, 1.340505] [4.543226, 4.639891]
551        [1.248679, 1.340505] [4.639891, 4.736555]
552        [1.248679, 1.340505] [4.736555, 4.833219]
553        [1.248679, 1.340505] [4.833219, 4.929884]
554        [1.248679, 1.340505] [4.929884, 5.026548]
555        [1.248679, 1.340505] [5.026548, 5.123213]
556        [1.248679, 1.340505] [5.123213, 5.219877]
557        [1.248679, 1.340505] [5.219877, 5.316541]
558        [1.248679, 1.340505] [5.316541, 5.413206]
559        [1.248679, 1.340505] [5.413206, 5.509870]
560        [1.248679, 1.340505] [5.509870, 5.606535]
561        [1.248679, 1.340505] [5.606535, 5.703199]
562        [1.248679, 1.340505] [5.703199, 5.799863]
563        [1.248679, 1.340505] [5.799863, 5.896528]
564        [1.248679, 1.340505] [5.896528, 5.993192]
565        [1.248679, 1.340505] [5.993192, 6.089857]
566        [1.248679, 1.340505] [6.089857, 6.186521]
567        [1.248679, 1.340505] [6.186521, 6.283185]
568        [1.340505, 1.433134] [0.000000, 0.093779]
569        [1.340505, 1.433134] [0.093779, 0.187558]
570        [1.340505, 1.433134] [0.187558, 0.281337]
571        [1.340505, 1.433134] [0.281337, 0.375116]
572        [1.340505, 1.433134] [0.375116, 0.468894]
573        [1.340505, 1.433134] [0.468894, 0.562673]
574        [1.340505, 1.433134] [0.562673, 0.656452]
575        [1.340505, 1.433134] [0.656452, 0.750231]
576        [1.340505, 1.433134] [0.750231, 0.844010]
577        [1.340505, 1.433134] [0.844010, 0.937789]
578        [1.340505, 1.433134] [0.937789, 1.031568]
579        [1.340505, 1.433134] [1.031568, 1.125347]
580        [1.340505, 1.433134] [1.125347, 1.219126]
581        [1.340505, 1.433134] [1.219126, 1.312904]
582        [1.340505, 1.433134] [1.312904, 1.406683]
583        [1.340505, 1.433134] [1.406683, 1.500462]
584        [1.340505, 1.433134] [1.500462, 1.594241]
585        [1.340505, 1.433134] [1.594241, 1.688020]
586        [1.340505, 1.433134] [1.688020, 1.781799]
587        [1.340505, 1.433134] [1.781799, 1.875578]
588        [1.340505, 1.433134] [1.875578, 1.969357]
589        [1.340505, 1.433134] [1.969357, 2.063135]
590        [1.340505, 1.433134] [2.063135, 2.156914]
591        [1.340505, 1.433134] [2.156914, 2.250693]
592        [1.340505, 1.433134] [2.250693, 2.344472]
593        [1.340505, 1.433134] [2.344472, 2.438251]
594        [1.340505, 1.433134] [2.438251, 2.532030]
595        [1.340505, 1.433134] [2.532030, 2.625809]
596        [1.340505, 1.433134] [2.625809, 2.719588]
597        [1.340505, 1.433134] [2.719588, 2.813367]
598        [1.340505, 1.433134] [2.813367, 2.907145]
599        [1.340505, 1.433134] [2.907145, 3.000924]
600        [1.340505, 1.433134] [3.000924, 3.094703]
601        [1.340505, 1.433134] [3.094703, 3.188482]
602        [1.340505, 1.433134] [3.188482, 3.282261]
603        [1.340505, 1.433134] [3.282261, 3.376040]
604        [1.340505, 1.433134] [3.376040, 3.469819]
605        [1.340505, 1.433134] [3.469819, 3.563598]
606        [1.340505, 1.433134] [3.563598, 3.657377]
607        [1.340505, 1.433134] [3.657377, 3.751155]
608        [1.340505, 1.433134] [3.751155, 3.844934]
609        [1.340505, 1.433134] [3.844934, 3.938713]
610        [1.340505, 1.433134] [3.938713, 4.032492]
611        [1.340505, 1.433134] [4.032492, 4.126271]
612        [1.340505, 1.433134] [4.126271, 4.220050]
613        [1.340505, 1.433134] [4.220050, 4.313829]
614        [1.340505, 1.433134] [4.313829, 4.407608]
615        [1.340505, 1.433134] [4.407608, 4.501386]
616        [1.340505, 1.433134] [4.501386, 4.595165]
617        [1.340505, 1.433134] [4.595165, 4.688944]
618        [1.340505, 1.433134] [4.688944, 4.782723]
619        [1.340505, 1.433134] [4.782723, 4.876502]
620        [1.340505, 1.433134] [4.876502, 4.970281]
621        [1.340505, 1.433134] [4.970281, 5.064060]
622        [1.340505, 1.433134] [5.064060, 5.157839]
623        [1.340505, 1.433134] [5.157839, 5.251618]
624        [1.340505, 1.433134] [5.251618, 5.345396]
625        [1.340505, 1.433134] [5.345396, 5.439175]
626        [1.340505, 1.433134] [5.439175, 5.532954]
627        [1.340505, 1.433134] [5.532954, 5.626733]
628        [1.340505, 1.433134] [5.626733, 5.720512]
629        [1.340505, 1.433134] [5.720512, 5.814291]
630        [1.340505, 1.433134] [5.814291, 5.908070]
631        [1.340505, 1.433134] [5.908070, 6.001849]
632        [1.340505, 1.433134] [6.001849, 6.095628]
633        [1.340505, 1.433134] [6.095628, 6.189406]
634        [1.340505, 1.433134] [6.189406, 6.283185]
635        [1.433134, 1.524584] [0.000000, 0.093779]
636        [1.433134, 1.524584] [0.093779, 0.187558]
637        [1.433134, 1.524584] [0.187558, 0.281337]
638        [1.433134, 1.524584] [0.281337, 0.375116]
639        [1.433134, 1.524584] [0.375116, 0.468894]
640        [1.433134, 1.524584] [0.468894, 0.562673]
641        [1.433134, 1.524584] [0.562673, 0.656452]
642        [1.433134, 1.524584] [0.656452, 0.750231]
643        [1.433134, 1.524584] [0.750231, 0.844010]
644        [1.433134, 1.524584] [0.844010, 0.937789]
645        [1.433134, 1.524584] [0.937789, 1.031568]
646        [1.433134, 1.524584] [1.031568, 1.125347]
647        [1.433134, 1.524584] [1.125347, 1.219126]
648        [1.433134, 1.524584] [1.219126, 1.312904]
649        [1.433134, 1.524584] [1.312904, 1.406683]
650        [1.433134, 1.524584] [1.406683, 1.500462]
651        [1.433134, 1.524584] [1.500462, 1.594241]
652        [1.433134, 1.524584] [1.594241, 1.688020]
653        [1.433134, 1.524584] [1.688020, 1.781799]
654        [1.433134, 1.524584] [1.781799, 1.875578]
655        [1.433134, 1.524584] [1.875578, 1.969357]
656        [1.433134, 1.524584] [1.969357, 2.063135]
657        [1.433134, 1.524584] [2.063135, 2.156914]
658        [1.433134, 1.524584] [2.156914, 2.250693]
659        [1.433134, 1.524584] [2.250693, 2.344472]
660        [1.433134, 1.524584] [2.344472, 2.438251]
661        [1.433134, 1.524584] [2.438251, 2.532030]
662        [1.433134, 1.524584] [2.532030, 2.625809]
663        [1.433134, 1.524584] [2.625809, 2.719588]
664        [1.433134, 1.524584] [2.719588, 2.813367]
665        [1.433134, 1.524584] [2.813367, 2.907145]
666        [1.433134, 1.524584] [2.907145, 3.000924]
667        [1.433134, 1.524584] [3.000924, 3.094703]
668        [1.433134, 1.524584] [3.094703, 3.188482]
669        [1.433134, 1.524584] [3.188482, 3.282261]
670        [1.433134, 1.524584] [3.282261, 3.376040]
671        [1.433134, 1.524584] [3.376040, 3.469819]
672        [1.433134, 1.524584] [3.469819, 3.563598]
673        [1.433134, 1.524584] [3.563598, 3.657377]
674        [1.433134, 1.524584] [3.657377, 3.751155]
675        [1.433134, 1.524584] [3.751155, 3.844934]
676        [1.433134, 1.524584] [3.844934, 3.938713]
677        [1.433134, 1.524584] [3.938713, 4.032492]
678        [1.433134, 1.524584] [4.032492, 4.126271]
679        [1.433134, 1.524584] [4.126271, 4.220050]
680        [1.433134, 1.524584] [4.220050, 4.313829]
681        [1.433134, 1.524584] [4.313829, 4.407608]
682        [1.433134, 1.524584] [4.407608, 4.501386]
683        [1.433134, 1.524584] [4.501386, 4.595165]
684        [1.433134, 1.524584] [4.595165, 4.688944]
685        [1.433134, 1.524584] [4.688944, 4.782723]
686        [1.433134, 1.524584] [4.782723, 4.876502]
687        [1.433134, 1.524584] [4.876502, 4.970281]
688        [1.433134, 1.524584] [4.970281, 5.064060]
689        [1.433134, 1.524584] [5.064060, 5.157839]
690        [1.433134, 1.524584] [5.157839, 5.251618]
691        [1.433134, 1.524584] [5.251618, 5.345396]
692        [1.433134, 1.524584] [5.345396, 5.439175]
693        [1.433134, 1.524584] [5.439175, 5.532954]
694        [1.433134, 1.524584] [5.532954, 5.626733]
695        [1.433134, 1.524584] [5.626733, 5.720512]
696        [1.433134, 1.524584] [5.720512, 5.814291]
697        [1.433134, 1.524584] [5.814291, 5.908070]
698        [1.433134, 1.524584] [5.908070, 6.001849]
699        [1.433134, 1.524584] [6.001849, 6.095628]
700        [1.433134, 1.524584] [6.095628, 6.189406]
701        [1.433134, 1.524584] [6.189406, 6.283185]
702        [1.524584, 1.617008] [0.000000, 0.092400]
703        [1.524584, 1.617008] [0.092400, 0.184800]
704        [1.524584, 1.617008] [0.184800, 0.277199]
705        [1.524584, 1.617008] [0.277199, 0.369599]
706        [1.524584, 1.617008] [0.369599, 0.461999]
707        [1.524584, 1.617008] [0.461999, 0.554399]
708        [1.524584, 1.617008] [0.554399, 0.646798]
709        [1.524584, 1.617008] [0.646798, 0.739198]
710        [1.524584, 1.617008] [0.739198, 0.831598]
711        [1.524584, 1.617008] [0.831598, 0.923998]
712        [1.524584, 1.617008] [0.923998, 1.016398]
713        [1.524584, 1.617008] [1.016398, 1.108797]
714        [1.524584, 1.617008] [1.108797, 1.201197]
715        [1.524584, 1.617008] [1.201197, 1.293597]
716        [1.524584, 1.617008] [1.293597, 1.385997]
717        [1.524584, 1.617008] [1.385997, 1.478397]
718        [1.524584, 1.617008] [1.478397, 1.570796]
719        [1.524584, 1.617008] [1.570796, 1.663196]
720        [1.524584, 1.617008] [1.663196, 1.755596]
721        [1.524584, 1.617008] [1.755596, 1.847996]
722        [1.524584, 1.617008] [1.847996, 1.940395]
723        [1.524584, 1.617008] [1.940395, 2.032795]
724        [1.524584, 1.617008] [2.032795, 2.125195]
725        [1.524584, 1.617008] [2.125195, 2.217595]
726        [1.524584, 1.617008] [2.217595, 2.309995]
727        [1.524584, 1.617008] [2.309995, 2.402394]
728        [1.524584, 1.617008] [2.402394, 2.494794]
729        [1.524584, 1.617008] [2.494794, 2.587194]
730        [1.524584, 1.617008] [2.587194, 2.679594]
731        [1.524584, 1.617008] [2.679594, 2.771994]
732        [1.524584, 1.617008] [2.771994, 2.864393]
733        [1.524584, 1.617008] [2.864393, 2.956793]
734        [1.524584, 1.617008] [2.956793, 3.049193]
735        [1.524584, 1.617008] [3.049193, 3.141593]
736        [1.524584, 1.617008] [3.141593, 3.233992]
737        [1.524584, 1.617008] [3.233992, 3.326392]
738        [1.524584, 1.617008] [3.326392, 3.418792]
739        [1.524584, 1.617008] [3.418792, 3.511192]
740        [1.524584, 1.617008] [3.511192, 3.603592]
741        [1.524584, 1.617008] [3.603592, 3.695991]
742        [1.524584, 1.617008] [3.695991, 3.788391]
743        [1.524584, 1.617008] [3.788391, 3.880791]
744        [1.524584, 1.617008] [3.880791, 3.973191]
745        [1.524584, 1.617008] [3.973191, 4.065590]
746        [1.524584, 1.617008] [4.065590, 4.157990]
747        [1.524584, 1.617008] [4.157990, 4.250390]
748        [1.524584, 1.617008] [4.250390, 4.342790]
749        [1.524584, 1.617008] [4.342790, 4.435190]
750        [1.524584, 1.617008] [4.435190, 4.527589]
751        [1.524584, 1.617008] [4.527589, 4.619989]
752        [1.524584, 1.617008] [4.619989, 4.712389]
753        [1.524584, 1.617008] [4.712389, 4.804789]
754        [1.524584, 1.617008] [4.804789, 4.897189]
755        [1.524584, 1.617008] [4.897189, 4.989588]
756        [1.524584, 1.617008] [4.989588, 5.081988]
757        [1.524584, 1.617008] [5.081988, 5.174388]
758        [1.524584, 1.617008] [5.174388, 5.266788]
759        [1.524584, 1.617008] [5.266788, 5.359187]
760        [1.524584, 1.617008] [5.359187, 5.451587]
761        [1.524584, 1.617008] [5.451587, 5.543987]
762        [1.524584, 1.617008] [5.543987, 5.636387]
763        [1.524584, 1.617008] [5.636387, 5.728787]
764        [1.524584, 1.617008] [5.728787, 5.821186]
765        [1.524584, 1.617008] [5.821186, 5.913586]
766        [1.524584, 1.617008] [5.913586, 6.005986]
767        [1.524584, 1.617008] [6.005986, 6.098386]
768        [1.524584, 1.617008] [6.098386, 6.190786]
769        [1.524584, 1.617008] [6.190786, 6.283185]
770        [1.617008, 1.708459] [0.000000, 0.093779]
771        [1.617008, 1.708459] [0.093779, 0.187558]
772        [1.617008, 1.708459] [0.187558, 0.281337]
773        [1.617008, 1.708459] [0.281337, 0.375116]
774        [1.617008, 1.708459] [0.375116, 0.468894]
775        [1.617008, 1.708459] [0.468894, 0.562673]
776        [1.617008, 1.708459] [0.562673, 0.656452]
777        [1.617008, 1.708459] [0.656452, 0.750231]
778        [1.617008, 1.708459] [0.750231, 0.844010]
779        [1.617008, 1.708459] [0.844010, 0.937789]
780        [1.617008, 1.708459] [0.937789, 1.031568]
781        [1.617008, 1.708459] [1.031568, 1.125347]
782        [1.617008, 1.708459] [1.125347, 1.219126]
783        [1.617008, 1.708459] [1.219126, 1.312904]
784        [1.617008, 1.708459] [1.312904, 1.406683]
785        [1.617008, 1.708459] [1.406683, 1.500462]
786        [1.617008, 1.708459] [1.500462, 1.594241]
787        [1.617008, 1.708459] [1.594241, 1.688020]
788        [1.617008, 1.708459] [1.688020, 1.781799]
789        [1.617008, 1.708459] [1.781799, 1.875578]
790        [1.617008, 1.708459] [1.875578, 1.969357]
791        [1.617008, 1.708459] [1.969357, 2.063135]
792        [1.617008, 1.708459] [2.063135, 2.156914]
793        [1.617008, 1.708459] [2.156914, 2.250693]
794        [1.617008, 1.708459] [2.250693, 2.344472]
795        [1.617008, 1.708459] [2.344472, 2.438251]
796        [1.617008, 1.708459] [2.438251, 2.532030]
797        [1.617008, 1.708459] [2.532030, 2.625809]
798        [1.617008, 1.708459] [2.625809, 2.719588]
799        [1.617008, 1.708459] [2.719588, 2.813367]
800        [1.617008, 1.708459] [2.813367, 2.907145]
801        [1.617008, 1.708459] [2.907145, 3.000924]
802        [1.617008, 1.708459] [3.000924, 3.094703]
803        [1.617008, 1.708459] [3.094703, 3.188482]
804        [1.617008, 1.708459] [3.188482, 3.282261]
805        [1.617008, 1.708459] [3.282261, 3.376040]
806        [1.617008, 1.708459] [3.376040, 3.469819]
807        [1.617008, 1.708459] [3.469819, 3.563598]
808        [1.617008, 1.708459] [3.563598, 3.657377]
809        [1.617008, 1.708459] [3.657377, 3.751155]
810        [1.617008, 1.708459] [3.751155, 3.844934]
811        [1.617008, 1.708459] [3.844934, 3.938713]
812        [1.617008, 1.708459] [3.938713, 4.032492]
813        [1.617008, 1.708459] [4.032492, 4.126271]
814        [1.617008, 1.708459] [4.126271, 4.220050]
815        [1.617008, 1.708459] [4.220050, 4.313829]
816        [1.617008, 1.708459] [4.313829, 4.407608]
817        [1.617008, 1.708459] [4.407608, 4.501386]
818        [1.617008, 1.708459] [4.501386, 4.595165]
819        [1.617008, 1.708459] [4.595165, 4.688944]
820        [1.617008, 1.708459] [4.688944, 4.782723]
821        [1.617008, 1.708459] [4.782723, 4.876502]
822        [1.617008, 1.708459] [4.876502, 4.970281]
823        [1.617008, 1.708459] [4.970281, 5.064060]
824        [1.617008, 1.708459] [5.064060, 5.157839]
825        [1.617008, 1.708459] [5.157839, 5.251618]
826        [1.617008, 1.708459] [5.251618, 5.345396]
827        [1.617008, 1.708459] [5.345396, 5.439175]
828        [1.617008, 1.708459] [5.439175, 5.532954]
829        [1.617008, 1.708459] [5.532954, 5.626733]
830        [1.617008, 1.708459] [5.626733, 5.720512]
831        [1.617008, 1.708459] [5.720512, 5.814291]
832        [1.617008, 1.708459] [5.814291, 5.908070]
833        [1.617008, 1.708459] [5.908070, 6.001849]
834        [1.617008, 1.708459] [6.001849, 6.095628]
835        [1.617008, 1.708459] [6.095628, 6.189406]
836        [1.617008, 1.708459] [6.189406, 6.283185]
837        [1.708459, 1.801087] [0.000000, 0.093779]
838        [1.708459, 1.801087] [0.093779, 0.187558]
839        [1.708459, 1.801087] [0.187558, 0.281337]
840        [1.708459, 1.801087] [0.281337, 0.375116]
841        [1.708459, 1.801087] [0.375116, 0.468894]
842        [1.708459, 1.801087] [0.468894, 0.562673]
843        [1.708459, 1.801087] [0.562673, 0.656452]
844        [1.708459, 1.801087] [0.656452, 0.750231]
845        [1.708459, 1.801087] [0.750231, 0.844010]
846        [1.708459, 1.801087] [0.844010, 0.937789]
847        [1.708459, 1.801087] [0.937789, 1.031568]
848        [1.708459, 1.801087] [1.031568, 1.125347]
849        [1.708459, 1.801087] [1.125347, 1.219126]
850        [1.708459, 1.801087] [1.219126, 1.312904]
851        [1.708459, 1.801087] [1.312904, 1.406683]
852        [1.708459, 1.801087] [1.406683, 1.500462]
853        [1.708459, 1.801087] [1.500462, 1.594241]
854        [1.708459, 1.801087] [1.594241, 1.688020]
855        [1.708459, 1.801087] [1.688020, 1.781799]
856        [1.708459, 1.801087] [1.781799, 1.875578]
857        [1.708459, 1.801087] [1.875578, 1.969357]
858        [1.708459, 1.801087] [1.969357, 2.063135]
859        [1.708459, 1.801087] [2.063135, 2.156914]
860        [1.708459, 1.801087] [2.156914, 2.250693]
861        [1.708459, 1.801087] [2.250693, 2.344472]
862        [1.708459, 1.801087] [2.344472, 2.438251]
863        [1.708459, 1.801087] [2.438251, 2.532030]
864        [1.708459, 1.801087] [2.532030, 2.625809]
865        [1.708459, 1.801087] [2.625809, 2.719588]
866        [1.708459, 1.801087] [2.719588, 2.813367]
867        [1.708459, 1.801087] [2.813367, 2.907145]
868        [1.708459, 1.801087] [2.907145, 3.000924]
869        [1.708459, 1.801087] [3.000924, 3.094703]
870        [1.708459, 1.801087] [3.094703, 3.188482]
871        [1.708459, 1.801087] [3.188482, 3.282261]
872        [1.708459, 1.801087] [3.282261, 3.376040]
873        [1.708459, 1.801087] [3.376040, 3.469819]
874        [1.708459, 1.801087] [3.469819, 3.563598]
875        [1.708459, 1.801087] [3.563598, 3.657377]
876        [1.708459, 1.801087] [3.657377, 3.751155]
877        [1.708459, 1.801087] [3.751155, 3.844934]
878        [1.708459, 1.801087] [3.844934, 3.938713]
879        [1.708459, 1.801087] [3.938713, 4.032492]
880        [1.708459, 1.801087] [4.032492, 4.126271]
881        [1.708459, 1.801087] [4.126271, 4.220050]
882        [1.708459, 1.801087] [4.220050, 4.313829]
883        [1.708459, 1.801087] [4.313829, 4.407608]
884        [1.708459, 1.801087] [4.407608, 4.501386]
885        [1.708459, 1.801087] [4.501386, 4.595165]
886        [1.708459, 1.801087] [4.595165, 4.688944]
887        [1.708459, 1.801087] [4.688944, 4.782723]
888        [1.708459, 1.801087] [4.782723, 4.876502]
889        [1.708459, 1.801087] [4.876502, 4.970281]
890        [1.708459, 1.801087] [4.970281, 5.064060]
891        [1.708459, 1.801087] [5.064060, 5.157839]
892        [1.708459, 1.801087] [5.157839, 5.251618]
893        [1.708459, 1.801087] [5.251618, 5.345396]
894        [1.708459, 1.801087] [5.345396, 5.439175]
895        [1.708459, 1.801087] [5.439175, 5.532954]
896        [1.708459, 1.801087] [5.532954, 5.626733]
897        [1.708459, 1.801087] [5.626733, 5.720512]
898        [1.708459, 1.801087] [5.720512, 5.814291]
899        [1.708459, 1.801087] [5.814291, 5.908070]
900        [1.708459, 1.801087] [5.908070, 6.001849]
901        [1.708459, 1.801087] [6.001849, 6.095628]
902        [1.708459, 1.801087] [6.095628, 6.189406]
903        [1.708459, 1.801087] [6.189406, 6.283185]
904        [1.801087, 1.892914] [0.000000, 0.096664]
905        [1.801087, 1.892914] [0.096664, 0.193329]
906        [1.801087, 1.892914] [0.193329, 0.289993]
907        [1.801087, 1.892914] [0.289993, 0.386658]
908        [1.801087, 1.892914] [0.386658, 0.483322]
909        [1.801087, 1.892914] [0.483322, 0.579986]
910        [1.801087, 1.892914] [0.579986, 0.676651]
911        [1.801087, 1.892914] [0.676651, 0.773315]
912        [1.801087, 1.892914] [0.773315, 0.869980]
913        [1.801087, 1.892914] [0.869980, 0.966644]
914        [1.801087, 1.892914] [0.966644, 1.063308]
915        [1.801087, 1.892914] [1.063308, 1.159973]
916        [1.801087, 1.892914] [1.159973, 1.256637]
917        [1.801087, 1.892914] [1.256637, 1.353301]
918        [1.801087, 1.892914] [1.353301, 1.449966]
919        [1.801087, 1.892914] [1.449966, 1.546630]
920        [1.801087, 1.892914] [1.546630, 1.643295]
921        [1.801087, 1.892914] [1.643295, 1.739959]
922        [1.801087, 1.892914] [1.739959, 1.836623]
923        [1.801087, 1.892914] [1.836623, 1.933288]
924        [1.801087, 1.892914] [1.933288, 2.029952]
925        [1.801087, 1.892914] [2.029952, 2.126617]
926        [1.801087, 1.892914] [2.126617, 2.223281]
927        [1.801087, 1.892914] [2.223281, 2.319945]
928        [1.801087, 1.892914] [2.319945, 2.416610]
929        [1.801087, 1.892914] [2.416610, 2.513274]
930        [1.801087, 1.892914] [2.513274, 2.609939]
931        [1.801087, 1.892914] [2.609939, 2.706603]
932        [1.801087, 1.892914] [2.706603, 2.803267]
933        [1.801087, 1.892914] [2.803267, 2.899932]
934        [1.801087, 1.892914] [2.899932, 2.996596]
935        [1.801087, 1.892914] [2.996596, 3.093260]
936        [1.801087, 1.892914] [3.093260, 3.189925]
937        [1.801087, 1.892914] [3.189925, 3.286589]
938        [1.801087, 1.892914] [3.286589, 3.383254]
939        [1.801087, 1.892914] [3.383254, 3.479918]
940        [1.801087, 1.892914] [3.479918, 3.576582]
941        [1.801087, 1.892914] [3.576582, 3.673247]
942        [1.801087, 1.892914] [3.673247, 3.769911]
943        [1.801087, 1.892914] [3.769911, 3.866576]
944        [1.801087, 1.892914] [3.866576, 3.963240]
945        [1.801087, 1.892914] [3.963240, 4.059904]
946        [1.801087, 1.892914] [4.059904, 4.156569]
947        [1.801087, 1.892914] [4.156569, 4.253233]
948        [1.801087, 1.892914] [4.253233, 4.349898]
949        [1.801087, 1.892914] [4.349898, 4.446562]
950        [1.801087, 1.892914] [4.446562, 4.543226]
951        [1.801087, 1.892914] [4.543226, 4.639891]
952        [1.801087, 1.892914] [4.639891, 4.736555]
953        [1.801087, 1.892914] [4.736555, 4.833219]
954        [1.801087, 1.892914] [4.833219, 4.929884]
955        [1.801087, 1.892914] [4.929884, 5.026548]
956        [1.801087, 1.892914] [5.026548, 5.123213]
957        [1.801087, 1.892914] [5.123213, 5.219877]
958        [1.801087, 1.892914] [5.219877, 5.316541]
959        [1.801087, 1.892914] [5.316541, 5.413206]
960        [1.801087, 1.892914] [5.413206, 5.509870]
961        [1.801087, 1.892914] [5.509870, 5.606535]
962        [1.801087, 1.892914] [5.606535, 5.703199]
963        [1.801087, 1.892914] [5.703199, 5.799863]
964        [1.801087, 1.892914] [5.799863, 5.896528]
965        [1.801087, 1.892914] [5.896528, 5.993192]
966        [1.801087, 1.892914] [5.993192, 6.089857]
967        [1.801087, 1.892914] [6.089857, 6.186521]
968        [1.801087, 1.892914] [6.186521, 6.283185]
969        [1.892914, 1.984686] [0.000000, 0.099733]
970        [1.892914, 1.984686] [0.099733, 0.199466]
971        [1.892914, 1.984686] [0.199466, 0.299199]
972        [1.892914, 1.984686] [0.299199, 0.398932]
973        [1.892914, 1.984686] [0.398932, 0.498666]
974        [1.892914, 1.984686] [0.498666, 0.598399]
975        [1.892914, 1.984686] [0.598399, 0.698132]
976        [1.892914, 1.984686] [0.698132, 0.797865]
977        [1.892914, 1.984686] [0.797865, 0.897598]
978        [1.892914, 1.984686] [0.897598, 0.997331]
979        [1.892914, 1.984686] [0.997331, 1.097064]
980        [1.892914, 1.984686] [1.097064, 1.196797]
981        [1.892914, 1.984686] [1.196797, 1.296530]
982        [1.892914, 1.984686] [1.296530, 1.396263]
983        [1.892914, 1.984686] [1.396263, 1.495997]
984        [1.892914, 1.984686] [1.495997, 1.595730]
985        [1.892914, 1.984686] [1.595730, 1.695463]
986        [1.892914, 1.984686] [1.695463, 1.795196]
987        [1.892914, 1.984686] [1.795196, 1.894929]
988        [1.892914, 1.984686] [1.894929, 1.994662]
989        [1.892914, 1.984686] [1.994662, 2.094395]
990        [1.892914, 1.984686] [2.094395, 2.194128]
991        [1.892914, 1.984686] [2.194128, 2.293861]
992        [1.892914, 1.984686] [2.293861, 2.393594]
993        [1.892914, 1.984686] [2.393594, 2.493328]
994        [1.892914, 1.984686] [2.493328, 2.593061]
995        [1.892914, 1.984686] [2.593061, 2.692794]
996        [1.892914, 1.984686] [2.692794, 2.792527]
997        [1.892914, 1.984686] [2.792527, 2.892260]
998        [1.892914, 1.984686] [2.892260, 2.991993]
999        [1.892914, 1.984686] [2.991993, 3.091726]
1000       [1.892914, 1.984686] [3.091726, 3.191459]
1001       [1.892914, 1.984686] [3.191459, 3.291192]
1002       [1.892914, 1.984686] [3.291192, 3.390925]
1003       [1.892914, 1.984686] [3.390925, 3.490659]
1004       [1.892914, 1.984686] [3.490659, 3.590392]
1005       [1.892914, 1.984686] [3.590392, 3.690125]
1006       [1.892914, 1.984686] [3.690125, 3.789858]
1007       [1.892914, 1.984686] [3.789858, 3.889591]
1008       [1.892914, 1.984686] [3.889591, 3.989324]
1009       [1.892914, 1.984686] [3.989324, 4.089057]
1010       [1.892914, 1.984686] [4.089057, 4.188790]
1011       [1.892914, 1.984686] [4.188790, 4.288523]
1012       [1.892914, 1.984686] [4.288523, 4.388256]
1013       [1.892914, 1.984686] [4.388256, 4.487990]
1014       [1.892914, 1.984686] [4.487990, 4.587723]
1015       [1.892914, 1.984686] [4.587723, 4.687456]
1016       [1.892914, 1.984686] [4.687456, 4.787189]
1017       [1.892914, 1.984686] [4.787189, 4.886922]
1018       [1.892914, 1.984686] [4.886922, 4.986655]
1019       [1.892914, 1.984686] [4.986655, 5.086388]
1020       [1.892914, 1.984686] [5.086388, 5.186121]
1021       [1.892914, 1.984686] [5.186121, 5.285854]
1022       [1.892914, 1.984686] [5.285854, 5.385587]
1023       [1.892914, 1.984686] [5.385587, 5.485321]
1024       [1.892914, 1.984686] [5.485321, 5.585054]
1025       [1.892914, 1.984686] [5.585054, 5.684787]
1026       [1.892914, 1.984686] [5.684787, 5.784520]
1027       [1.892914, 1.984686] [5.784520, 5.884253]
1028       [1.892914, 1.984686] [5.884253, 5.983986]
1029       [1.892914, 1.984686] [5.983986, 6.083719]
1030       [1.892914, 1.984686] [6.083719, 6.183452]
1031       [1.892914, 1.984686] [6.183452, 6.283185]
1032       [1.984686, 2.077222] [0.000000, 0.103003]
1033       [1.984686, 2.077222] [0.103003, 0.206006]
1034       [1.984686, 2.077222] [0.206006, 0.309009]
1035       [1.984686, 2.077222] [0.309009, 0.412012]
1036       [1.984686, 2.077222] [0.412012, 0.515015]
1037       [1.984686, 2.077222] [0.515015, 0.618018]
1038       [1.984686, 2.077222] [0.618018, 0.721021]
1039       [1.984686, 2.077222] [0.721021, 0.824024]
1040       [1.984686, 2.077222] [0.824024, 0.927027]
1041       [1.984686, 2.077222] [0.927027, 1.030030]
1042       [1.984686, 2.077222] [1.030030, 1.133033]
1043       [1.984686, 2.077222] [1.133033, 1.236036]
1044       [1.984686, 2.077222] [1.236036, 1.339039]
1045       [1.984686, 2.077222] [1.339039, 1.442043]
1046       [1.984686, 2.077222] [1.442043, 1.545046]
1047       [1.984686, 2.077222] [1.545046, 1.648049]
1048       [1.984686, 2.077222] [1.648049, 1.751052]
1049       [1.984686, 2.077222] [1.751052, 1.854055]
1050       [1.984686, 2.077222] [1.854055, 1.957058]
1051       [1.984686, 2.077222] [1.957058, 2.060061]
1052       [1.984686, 2.077222] [2.060061, 2.163064]
1053       [1.984686, 2.077222] [2.163064, 2.266067]
1054       [1.984686, 2.077222] [2.266067, 2.369070]
1055       [1.984686, 2.077222] [2.369070, 2.472073]
1056       [1.984686, 2.077222] [2.472073, 2.575076]
1057       [1.984686, 2.077222] [2.575076, 2.678079]
1058       [1.984686, 2.077222] [2.678079, 2.781082]
1059       [1.984686, 2.077222] [2.781082, 2.884085]
1060       [1.984686, 2.077222] [2.884085, 2.987088]
1061       [1.984686, 2.077222] [2.987088, 3.090091]
1062       [1.984686, 2.077222] [3.090091, 3.193094]
1063       [1.984686, 2.077222] [3.193094, 3.296097]
1064       [1.984686, 2.077222] [3.296097, 3.399100]
1065       [1.984686, 2.077222] [3.399100, 3.502103]
1066       [1.984686, 2.077222] [3.502103, 3.605106]
1067       [1.984686, 2.077222] [3.605106, 3.708109]
1068       [1.984686, 2.077222] [3.708109, 3.811112]
1069       [1.984686, 2.077222] [3.811112, 3.914115]
1070       [1.984686, 2.077222] [3.914115, 4.017118]
1071       [1.984686, 2.077222] [4.017118, 4.120122]
1072       [1.984686, 2.077222] [4.120122, 4.223125]
1073       [1.984686, 2.077222] [4.223125, 4.326128]
1074       [1.984686, 2.077222] [4.326128, 4.429131]
1075       [1.984686, 2.077222] [4.429131, 4.532134]
1076       [1.984686, 2.077222] [4.532134, 4.635137]
1077       [1.984686, 2.077222] [4.635137, 4.738140]
1078       [1.984686, 2.077222] [4.738140, 4.841143]
1079       [1.984686, 2.077222] [4.841143, 4.944146]
1080       [1.984686, 2.077222] [4.944146, 5.047149]
1081       [1.984686, 2.077222] [5.047149, 5.150152]
1082       [1.984686, 2.077222] [5.150152, 5.253155]
1083       [1.984686, 2.077222] [5.253155, 5.356158]
1084       [1.984686, 2.077222] [5.356158, 5.459161]
1085       [1.984686, 2.077222] [5.459161, 5.562164]
1086       [1.984686, 2.077222] [5.562164, 5.665167]
1087       [1.984686, 2.077222] [5.665167, 5.768170]
1088       [1.984686, 2.077222] [5.768170, 5.871173]
1089       [1.984686, 2.077222] [5.871173, 5.974176]
1090       [1.984686, 2.077222] [5.974176, 6.077179]
1091       [1.984686, 2.077222] [6.077179, 6.180182]
1092       [1.984686, 2.077222] [6.180182, 6.283185]
1093       [2.077222, 2.169847] [0.000000, 0.108331]
1094       [2.077222, 2.169847] [0.108331, 0.216662]
1095       [2.077222, 2.169847] [0.216662, 0.324992]
1096       [2.077222, 2.169847] [0.324992, 0.433323]
1097       [2.077222, 2.169847] [0.433323, 0.541654]
1098       [2.077222, 2.169847] [0.541654, 0.649985]
1099       [2.077222, 2.169847] [0.649985, 0.758315]
1100       [2.077222, 2.169847] [0.758315, 0.866646]
1101       [2.077222, 2.169847] [0.866646, 0.974977]
1102       [2.077222, 2.169847] [0.974977, 1.083308]
1103       [2.077222, 2.169847] [1.083308, 1.191639]
1104       [2.077222, 2.169847] [1.191639, 1.299969]
1105       [2.077222, 2.169847] [1.299969, 1.408300]
1106       [2.077222, 2.169847] [1.408300, 1.516631]
1107       [2.077222, 2.169847] [1.516631, 1.624962]
1108       [2.077222, 2.169847] [1.624962, 1.733292]
1109       [2.077222, 2.169847] [1.733292, 1.841623]
1110       [2.077222, 2.169847] [1.841623, 1.949954]
1111       [2.077222, 2.169847] [1.949954, 2.058285]
1112       [2.077222, 2.169847] [2.058285, 2.166616]
1113       [2.077222, 2.169847] [2.166616, 2.274946]
1114       [2.077222, 2.169847] [2.274946, 2.383277]
1115       [2.077222, 2.169847] [2.383277, 2.491608]
1116       [2.077222, 2.169847] [2.491608, 2.599939]
1117       [2.077222, 2.169847] [2.599939, 2.708270]
1118       [2.077222, 2.169847] [2.708270, 2.816600]
1119       [2.077222, 2.169847] [2.816600, 2.924931]
1120       [2.077222, 2.169847] [2.924931, 3.033262]
1121       [2.077222, 2.169847] [3.033262, 3.141593]
1122       [2.077222, 2.169847] [3.141593, 3.249923]
1123       [2.077222, 2.169847] [3.249923, 3.358254]
1124       [2.077222, 2.169847] [3.358254, 3.466585]
1125       [2.077222, 2.169847] [3.466585, 3.574916]
1126       [2.077222, 2.169847] [3.574916, 3.683247]
1127       [2.077222, 2.169847] [3.683247, 3.791577]
1128       [2.077222, 2.169847] [3.791577, 3.899908]
1129       [2.077222, 2.169847] [3.899908, 4.008239]
1130       [2.077222, 2.169847] [4.008239, 4.116570]
1131       [2.077222, 2.169847] [4.116570, 4.224900]
1132       [2.077222, 2.169847] [4.224900, 4.333231]
1133       [2.077222, 2.169847] [4.333231, 4.441562]
1134       [2.077222, 2.169847] [4.441562, 4.549893]
1135       [2.077222, 2.169847] [4.549893, 4.658224]
1136       [2.077222, 2.169847] [4.658224, 4.766554]
1137       [2.077222, 2.169847] [4.766554, 4.874885]
1138       [2.077222, 2.169847] [4.874885, 4.983216]
1139       [2.077222, 2.169847] [4.983216, 5.091547]
1140       [2.077222, 2.169847] [5.091547, 5.199877]
1141       [2.077222, 2.169847] [5.199877, 5.308208]
1142       [2.077222, 2.169847] [5.308208, 5.416539]
1143       [2.077222, 2.169847] [5.416539, 5.524870]
1144       [2.077222, 2.169847] [5.524870, 5.633201]
1145       [2.077222, 2.169847] [5.633201, 5.741531]
1146       [2.077222, 2.169847] [5.741531, 5.849862]
1147       [2.077222, 2.169847] [5.849862, 5.958193]
1148       [2.077222, 2.169847] [5.958193, 6.066524]
1149       [2.077222, 2.169847] [6.066524, 6.174855]
1150       [2.077222, 2.169847] [6.174855, 6.283185]
1151       [2.169847, 2.261693] [0.000000, 0.116355]
1152       [2.169847, 2.261693] [0.116355, 0.232711]
1153       [2.169847, 2.261693] [0.232711, 0.349066]
1154       [2.169847, 2.261693] [0.349066, 0.465421]
1155       [2.169847, 2.261693] [0.465421, 0.581776]
1156       [2.169847, 2.261693] [0.581776, 0.698132]
1157       [2.169847, 2.261693] [0.698132, 0.814487]
1158       [2.169847, 2.261693] [0.814487, 0.930842]
1159       [2.169847, 2.261693] [0.930842, 1.047198]
1160       [2.169847, 2.261693] [1.047198, 1.163553]
1161       [2.169847, 2.261693] [1.163553, 1.279908]
1162       [2.169847, 2.261693] [1.279908, 1.396263]
1163       [2.169847, 2.261693] [1.396263, 1.512619]
1164       [2.169847, 2.261693] [1.512619, 1.628974]
1165       [2.169847, 2.261693] [1.628974, 1.745329]
1166       [2.169847, 2.261693] [1.745329, 1.861685]
1167       [2.169847, 2.261693] [1.861685, 1.978040]
1168       [2.169847, 2.261693] [1.978040, 2.094395]
1169       [2.169847, 2.261693] [2.094395, 2.210750]
1170       [2.169847, 2.261693] [2.210750, 2.327106]
1171       [2.169847, 2.261693] [2.327106, 2.443461]
1172       [2.169847, 2.261693] [2.443461, 2.559816]
1173       [2.169847, 2.261693] [2.559816, 2.676172]
1174       [2.169847, 2.261693] [2.676172, 2.792527]
1175       [2.169847, 2.261693] [2.792527, 2.908882]
1176       [2.169847, 2.261693] [2.908882, 3.025237]
1177       [2.169847, 2.261693] [3.025237, 3.141593]
1178       [2.169847, 2.261693] [3.141593, 3.257948]
1179       [2.169847, 2.261693] [3.257948, 3.374303]
1180       [2.169847, 2.261693] [3.374303, 3.490659]
1181       [2.169847, 2.261693] [3.490659, 3.607014]
1182       [2.169847, 2.261693] [3.607014, 3.723369]
1183       [2.169847, 2.261693] [3.723369, 3.839724]
1184       [2.169847, 2.261693] [3.839724, 3.956080]
1185       [2.169847, 2.261693] [3.956080, 4.072435]
1186       [2.169847, 2.261693] [4.072435, 4.188790]
1187       [2.169847, 2.261693] [4.188790, 4.305145]
1188       [2.169847, 2.261693] [4.305145, 4.421501]
1189       [2.169847, 2.261693] [4.421501, 4.537856]
1190       [2.169847, 2.261693] [4.537856, 4.654211]
1191       [2.169847, 2.261693] [4.654211, 4.770567]
1192       [2.169847, 2.261693] [4.770567, 4.886922]
1193       [2.169847, 2.261693] [4.886922, 5.003277]
1194       [2.169847, 2.261693] [5.003277, 5.119632]
1195       [2.169847, 2.261693] [5.119632, 5.235988]
1196       [2.169847, 2.261693] [5.235988, 5.352343]
1197       [2.169847, 2.261693] [5.352343, 5.468698]
1198       [2.169847, 2.261693] [5.468698, 5.585054]
1199       [2.169847, 2.261693] [5.585054, 5.701409]
1200       [2.169847, 2.261693] [5.701409, 5.817764]
1201       [2.169847, 2.261693] [5.817764, 5.934119]
1202       [2.169847, 2.261693] [5.934119, 6.050475]
1203       [2.169847, 2.261693] [6.050475, 6.166830]
1204       [2.169847, 2.261693] [6.166830, 6.283185]
1205       [2.261693, 2.353449] [0.000000, 0.125664]
1206       [2.261693, 2.353449] [0.125664, 0.251327]
1207       [2.261693, 2.353449] [0.251327, 0.376991]
1208       [2.261693, 2.353449] [0.376991, 0.502655]
1209       [2.261693, 2.353449] [0.502655, 0.628319]
1210       [2.261693, 2.353449] [0.628319, 0.753982]
1211       [2.261693, 2.353449] [0.753982, 0.879646]
1212       [2.261693, 2.353449] [0.879646, 1.005310]
1213       [2.261693, 2.353449] [1.005310, 1.130973]
1214       [2.261693, 2.353449] [1.130973, 1.256637]
1215       [2.261693, 2.353449] [1.256637, 1.382301]
1216       [2.261693, 2.353449] [1.382301, 1.507964]
1217       [2.261693, 2.353449] [1.507964, 1.633628]
1218       [2.261693, 2.353449] [1.633628, 1.759292]
1219       [2.261693, 2.353449] [1.759292, 1.884956]
1220       [2.261693, 2.353449] [1.884956, 2.010619]
1221       [2.261693, 2.353449] [2.010619, 2.136283]
1222       [2.261693, 2.353449] [2.136283, 2.261947]
1223       [2.261693, 2.353449] [2.261947, 2.387610]
1224       [2.261693, 2.353449] [2.387610, 2.513274]
1225       [2.261693, 2.353449] [2.513274, 2.638938]
1226       [2.261693, 2.353449] [2.638938, 2.764602]
1227       [2.261693, 2.353449] [2.764602, 2.890265]
1228       [2.261693, 2.353449] [2.890265, 3.015929]
1229       [2.261693, 2.353449] [3.015929, 3.141593]
1230       [2.261693, 2.353449] [3.141593, 3.267256]
1231       [2.261693, 2.353449] [3.267256, 3.392920]
1232       [2.261693, 2.353449] [3.392920, 3.518584]
1233       [2.261693, 2.353449] [3.518584, 3.644247]
1234       [2.261693, 2.353449] [3.644247, 3.769911]
1235       [2.261693, 2.353449] [3.769911, 3.895575]
1236       [2.261693, 2.353449] [3.895575, 4.021239]
1237       [2.261693, 2.353449] [4.021239, 4.146902]
1238       [2.261693, 2.353449] [4.146902, 4.272566]
1239       [2.261693, 2.353449] [4.272566, 4.398230]
1240       [2.261693, 2.353449] [4.398230, 4.523893]
1241       [2.261693, 2.353449] [4.523893, 4.649557]
1242       [2.261693, 2.353449] [4.649557, 4.775221]
1243       [2.261693, 2.353449] [4.775221, 4.900885]
1244       [2.261693, 2.353449] [4.900885, 5.026548]
1245       [2.261693, 2.353449] [5.026548, 5.152212]
1246       [2.261693, 2.353449] [5.152212, 5.277876]
1247       [2.261693, 2.353449] [5.277876, 5.403539]
1248       [2.261693, 2.353449] [5.403539, 5.529203]
1249       [2.261693, 2.353449] [5.529203, 5.654867]
1250       [2.261693, 2.353449] [5.654867, 5.780530]
1251       [2.261693, 2.353449] [5.780530, 5.906194]
1252       [2.261693, 2.353449] [5.906194, 6.031858]
1253       [2.261693, 2.353449] [6.031858, 6.157522]
1254       [2.261693, 2.353449] [6.157522, 6.283185]
1255       [2.353449, 2.445983] [0.000000, 0.136591]
1256       [2.353449, 2.445983] [0.136591, 0.273182]
1257       [2.353449, 2.445983] [0.273182, 0.409773]
1258       [2.353449, 2.445983] [0.409773, 0.546364]
1259       [2.353449, 2.445983] [0.546364, 0.682955]
1260       [2.353449, 2.445983] [0.682955, 0.819546]
1261       [2.353449, 2.445983] [0.819546, 0.956137]
1262       [2.353449, 2.445983] [0.956137, 1.092728]
1263       [2.353449, 2.445983] [1.092728, 1.229319]
1264       [2.353449, 2.445983] [1.229319, 1.365910]
1265       [2.353449, 2.445983] [1.365910, 1.502501]
1266       [2.353449, 2.445983] [1.502501, 1.639092]
1267       [2.353449, 2.445983] [1.639092, 1.775683]
1268       [2.353449, 2.445983] [1.775683, 1.912274]
1269       [2.353449, 2.445983] [1.912274, 2.048865]
1270       [2.353449, 2.445983] [2.048865, 2.185456]
1271       [2.353449, 2.445983] [2.185456, 2.322047]
1272       [2.353449, 2.445983] [2.322047, 2.458638]
1273       [2.353449, 2.445983] [2.458638, 2.595229]
1274       [2.353449, 2.445983] [2.595229, 2.731820]
1275       [2.353449, 2.445983] [2.731820, 2.868411]
1276       [2.353449, 2.445983] [2.868411, 3.005002]
1277       [2.353449, 2.445983] [3.005002, 3.141593]
1278       [2.353449, 2.445983] [3.141593, 3.278184]
1279       [2.353449, 2.445983] [3.278184, 3.414775]
1280       [2.353449, 2.445983] [3.414775, 3.551366]
1281       [2.353449, 2.445983] [3.551366, 3.687957]
1282       [2.353449, 2.445983] [3.687957, 3.824548]
1283       [2.353449, 2.445983] [3.824548, 3.961139]
1284       [2.353449, 2.445983] [3.961139, 4.097730]
1285       [2.353449, 2.445983] [4.097730, 4.234321]
1286       [2.353449, 2.445983] [4.234321, 4.370912]
1287       [2.353449, 2.445983] [4.370912, 4.507503]
1288       [2.353449, 2.445983] [4.507503, 4.644093]
1289       [2.353449, 2.445983] [4.644093, 4.780684]
1290       [2.353449, 2.445983] [4.780684, 4.917275]
1291       [2.353449, 2.445983] [4.917275, 5.053866]
1292       [2.353449, 2.445983] [5.053866, 5.190457]
1293       [2.353449, 2.445983] [5.190457, 5.327048]
1294       [2.353449, 2.445983] [5.327048, 5.463639]
1295       [2.353449, 2.445983] [5.463639, 5.600230]
1296       [2.353449, 2.445983] [5.600230, 5.736821]
1297       [2.353449, 2.445983] [5.736821, 5.873412]
1298       [2.353449, 2.445983] [5.873412, 6.010003]
1299       [2.353449, 2.445983] [6.010003, 6.146594]
1300       [2.353449, 2.445983] [6.146594, 6.283185]
1301       [2.445983, 2.538120] [0.000000, 0.153248]
1302       [2.445983, 2.538120] [0.153248, 0.306497]
1303       [2.445983, 2.538120] [0.306497, 0.459745]
1304       [2.445983, 2.538120] [0.459745, 0.612994]
1305       [2.445983, 2.538120] [0.612994, 0.766242]
1306       [2.445983, 2.538120] [0.766242, 0.919491]
1307       [2.445983, 2.538120] [0.919491, 1.072739]
1308       [2.445983, 2.538120] [1.072739, 1.225987]
1309       [2.445983, 2.538120] [1.225987, 1.379236]
1310       [2.445983, 2.538120] [1.379236, 1.532484]
1311       [2.445983, 2.538120] [1.532484, 1.685733]
1312       [2.445983, 2.538120] [1.685733, 1.838981]
1313       [2.445983, 2.538120] [1.838981, 1.992229]
1314       [2.445983, 2.538120] [1.992229, 2.145478]
1315       [2.445983, 2.538120] [2.145478, 2.298726]
1316       [2.445983, 2.538120] [2.298726, 2.451975]
1317       [2.445983, 2.538120] [2.451975, 2.605223]
1318       [2.445983, 2.538120] [2.605223, 2.758472]
1319       [2.445983, 2.538120] [2.758472, 2.911720]
1320       [2.445983, 2.538120] [2.911720, 3.064968]
1321       [2.445983, 2.538120] [3.064968, 3.218217]
1322       [2.445983, 2.538120] [3.218217, 3.371465]
1323       [2.445983, 2.538120] [3.371465, 3.524714]
1324       [2.445983, 2.538120] [3.524714, 3.677962]
1325       [2.445983, 2.538120] [3.677962, 3.831211]
1326       [2.445983, 2.538120] [3.831211, 3.984459]
1327       [2.445983, 2.538120] [3.984459, 4.137707]
1328       [2.445983, 2.538120] [4.137707, 4.290956]
1329       [2.445983, 2.538120] [4.290956, 4.444204]
1330       [2.445983, 2.538120] [4.444204, 4.597453]
1331       [2.445983, 2.538120] [4.597453, 4.750701]
1332       [2.445983, 2.538120] [4.750701, 4.903950]
1333       [2.445983, 2.538120] [4.903950, 5.057198]
1334       [2.445983, 2.538120] [5.057198, 5.210446]
1335       [2.445983, 2.538120] [5.210446, 5.363695]
1336       [2.445983, 2.538120] [5.363695, 5.516943]
1337       [2.445983, 2.538120] [5.516943, 5.670192]
1338       [2.445983, 2.538120] [5.670192, 5.823440]
1339       [2.445983, 2.538120] [5.823440, 5.976688]
1340       [2.445983, 2.538120] [5.976688, 6.129937]
1341       [2.445983, 2.538120] [6.129937, 6.283185]
1342       [2.538120, 2.627876] [0.000000, 0.179520]
1343       [2.538120, 2.627876] [0.179520, 0.359039]
1344       [2.538120, 2.627876] [0.359039, 0.538559]
1345       [2.538120, 2.627876] [0.538559, 0.718078]
1346       [2.538120, 2.627876] [0.718078, 0.897598]
1347       [2.538120, 2.627876] [0.897598, 1.077117]
1348       [2.538120, 2.627876] [1.077117, 1.256637]
1349       [2.538120, 2.627876] [1.256637, 1.436157]
1350       [2.538120, 2.627876] [1.436157, 1.615676]
1351       [2.538120, 2.627876] [1.615676, 1.795196]
1352       [2.538120, 2.627876] [1.795196, 1.974715]
1353       [2.538120, 2.627876] [1.974715, 2.154235]
1354       [2.538120, 2.627876] [2.154235, 2.333755]
1355       [2.538120, 2.627876] [2.333755, 2.513274]
1356       [2.538120, 2.627876] [2.513274, 2.692794]
1357       [2.538120, 2.627876] [2.692794, 2.872313]
1358       [2.538120, 2.627876] [2.872313, 3.051833]
1359       [2.538120, 2.627876] [3.051833, 3.231352]
1360       [2.538120, 2.627876] [3.231352, 3.410872]
1361       [2.538120, 2.627876] [3.410872, 3.590392]
1362       [2.538120, 2.627876] [3.590392, 3.769911]
1363       [2.538120, 2.627876] [3.769911, 3.949431]
1364       [2.538120, 2.627876] [3.949431, 4.128950]
1365       [2.538120, 2.627876] [4.128950, 4.308470]
1366       [2.538120, 2.627876] [4.308470, 4.487990]
1367       [2.538120, 2.627876] [4.487990, 4.667509]
1368       [2.538120, 2.627876] [4.667509, 4.847029]
1369       [2.538120, 2.627876] [4.847029, 5.026548]
1370       [2.538120, 2.627876] [5.026548, 5.206068]
1371       [2.538120, 2.627876] [5.206068, 5.385587]
1372       [2.538120, 2.627876] [5.385587, 5.565107]
1373       [2.538120, 2.627876] [5.565107, 5.744627]
1374       [2.538120, 2.627876] [5.744627, 5.924146]
1375       [2.538120, 2.627876] [5.924146, 6.103666]
1376       [2.538120, 2.627876] [6.103666, 6.283185]
1377       [2.627876, 2.721481] [0.000000, 0.202683]
1378       [2.627876, 2.721481] [0.202683, 0.405367]
1379       [2.627876, 2.721481] [0.405367, 0.608050]
1380       [2.627876, 2.721481] [0.608050, 0.810734]
1381       [2.627876, 2.721481] [0.810734, 1.013417]
1382       [2.627876, 2.721481] [1.013417, 1.216100]
1383       [2.627876, 2.721481] [1.216100, 1.418784]
1384       [2.627876, 2.721481] [1.418784, 1.621467]
1385       [2.627876, 2.721481] [1.621467, 1.824151]
1386       [2.627876, 2.721481] [1.824151, 2.026834]
1387       [2.627876, 2.721481] [2.026834, 2.229517]
1388       [2.627876, 2.721481] [2.229517, 2.432201]
1389       [2.627876, 2.721481] [2.432201, 2.634884]
1390       [2.627876, 2.721481] [2.634884, 2.837568]
1391       [2.627876, 2.721481] [2.837568, 3.040251]
1392       [2.627876, 2.721481] [3.040251, 3.242934]
1393       [2.627876, 2.721481] [3.242934, 3.445618]
1394       [2.627876, 2.721481] [3.445618, 3.648301]
1395       [2.627876, 2.721481] [3.648301, 3.850985]
1396       [2.627876, 2.721481] [3.850985, 4.053668]
1397       [2.627876, 2.721481] [4.053668, 4.256351]
1398       [2.627876, 2.721481] [4.256351, 4.459035]
1399       [2.627876, 2.721481] [4.459035, 4.661718]
1400       [2.627876, 2.721481] [4.661718, 4.864402]
1401       [2.627876, 2.721481] [4.864402, 5.067085]
1402       [2.627876, 2.721481] [5.067085, 5.269768]
1403       [2.627876, 2.721481] [5.269768, 5.472452]
1404       [2.627876, 2.721481] [5.472452, 5.675135]
1405       [2.627876, 2.721481] [5.675135, 5.877819]
1406       [2.627876, 2.721481] [5.877819, 6.080502]
1407       [2.627876, 2.721481] [6.080502, 6.283185]
1408       [2.721481, 2.814595] [0.000000, 0.251327]
1409       [2.721481, 2.814595] [0.251327, 0.502655]
1410       [2.721481, 2.814595] [0.502655, 0.753982]
1411       [2.721481, 2.814595] [0.753982, 1.005310]
1412       [2.721481, 2.814595] [1.005310, 1.256637]
1413       [2.721481, 2.814595] [1.256637, 1.507964]
1414       [2.721481, 2.814595] [1.507964, 1.759292]
1415       [2.721481, 2.814595] [1.759292, 2.010619]
1416       [2.721481, 2.814595] [2.010619, 2.261947]
1417       [2.721481, 2.814595] [2.261947, 2.513274]
1418       [2.721481, 2.814595] [2.513274, 2.764602]
1419       [2.721481, 2.814595] [2.764602, 3.015929]
1420       [2.721481, 2.814595] [3.015929, 3.267256]
1421       [2.721481, 2.814595] [3.267256, 3.518584]
1422       [2.721481, 2.814595] [3.518584, 3.769911]
1423       [2.721481, 2.814595] [3.769911, 4.021239]
1424       [2.721481, 2.814595] [4.021239, 4.272566]
1425       [2.721481, 2.814595] [4.272566, 4.523893]
1426       [2.721481, 2.814595] [4.523893, 4.775221]
1427       [2.721481, 2.814595] [4.775221, 5.026548]
1428       [2.721481, 2.814595] [5.026548, 5.277876]
1429       [2.721481, 2.814595] [5.277876, 5.529203]
1430       [2.721481, 2.814595] [5.529203, 5.780530]
1431       [2.721481, 2.814595] [5.780530, 6.031858]
1432       [2.721481, 2.814595] [6.031858, 6.283185]
1433       [2.814595, 2.907935] [0.000000, 0.330694]
1434       [2.814595, 2.907935] [0.330694, 0.661388]
1435       [2.814595, 2.907935] [0.661388, 0.992082]
1436       [2.814595, 2.907935] [0.992082, 1.322776]
1437       [2.814595, 2.907935] [1.322776, 1.653470]
1438       [2.814595, 2.907935] [1.653470, 1.984164]
1439       [2.814595, 2.907935] [1.984164, 2.314858]
1440       [2.814595, 2.907935] [2.314858, 2.645552]
1441       [2.814595, 2.907935] [2.645552, 2.976246]
1442       [2.814595, 2.907935] [2.976246, 3.306940]
1443       [2.814595, 2.907935] [3.306940, 3.637634]
1444       [2.814595, 2.907935] [3.637634, 3.968328]
1445       [2.814595, 2.907935] [3.968328, 4.299022]
1446       [2.814595, 2.907935] [4.299022, 4.629715]
1447       [2.814595, 2.907935] [4.629715, 4.960409]
1448       [2.814595, 2.907935] [4.960409, 5.291103]
1449       [2.814595, 2.907935] [5.291103, 5.621797]
1450       [2.814595, 2.907935] [5.621797, 5.952491]
1451       [2.814595, 2.907935] [5.952491, 6.283185]
1452       [2.907935, 2.994017] [0.000000, 0.523599]
1453       [2.907935, 2.994017] [0.523599, 1.047198]
1454       [2.907935, 2.994017] [1.047198, 1.570796]
1455       [2.907935, 2.994017] [1.570796, 2.094395]
1456       [2.907935, 2.994017] [2.094395, 2.617994]
1457       [2.907935, 2.994017] [2.617994, 3.141593]
1458       [2.907935, 2.994017] [3.141593, 3.665191]
1459       [2.907935, 2.994017] [3.665191, 4.188790]
1460       [2.907935, 2.994017] [4.188790, 4.712389]
1461       [2.907935, 2.994017] [4.712389, 5.235988]
1462       [2.907935, 2.994017] [5.235988, 5.759587]
1463       [2.907935, 2.994017] [5.759587, 6.283185]
1464       [2.994017, 3.089458] [0.000000, 0.897598]
1465       [2.994017, 3.089458] [0.897598, 1.795196]
1466       [2.994017, 3.089458] [1.795196, 2.692794]
1467       [2.994017, 3.089458] [2.692794, 3.590392]
1468       [2.994017, 3.089458] [3.590392, 4.487990]
1469       [2.994017, 3.089458] [4.487990, 5.385587]
1470       [2.994017, 3.089458] [5.385587, 6.283185]
1471       [3.089458, 3.141593] [0.000000, 6.283185]
